9.432677000316028737e-01,1.011913110344651867e-01,1.000000000000000000e+00
2.283686496560138335e-01,4.437094344560941206e-01,1.000000000000000000e+00
9.573672102407239093e-01,6.597542512703634676e-01,0.000000000000000000e+00
3.211532610942455790e-01,2.149484788646888189e-01,0.000000000000000000e+00
2.756282355074402002e-01,4.189405953940858462e-01,1.000000000000000000e+00
7.548259503317205077e-01,5.935910300013713670e-02,0.000000000000000000e+00
9.006258024774431714e-01,1.810449480039152403e-01,0.000000000000000000e+00
9.382844826736358446e-02,1.658685349598466308e-01,1.000000000000000000e+00
5.419501020070678354e-01,8.222263076836120455e-01,1.000000000000000000e+00
7.196068611855827024e-01,1.568119694626561866e-01,0.000000000000000000e+00
7.075542234179280632e-01,9.342725012107508942e-01,0.000000000000000000e+00
4.671213500916942540e-01,8.995992993785979497e-01,1.000000000000000000e+00
5.202424693690445023e-01,7.783946105435931573e-01,1.000000000000000000e+00
3.395183898589037574e-01,5.282992890384392570e-01,1.000000000000000000e+00
8.961874374329799053e-01,9.998389455408378534e-01,0.000000000000000000e+00
9.645960695758858394e-01,2.417812477004546157e-01,0.000000000000000000e+00
1.867667587745335811e-01,9.673349784816492880e-02,1.000000000000000000e+00
5.866955154880921786e-01,6.628012018048153875e-01,1.000000000000000000e+00
5.508021970389453958e-01,5.738065718285287886e-01,1.000000000000000000e+00
4.254023124140010603e-01,8.415049200742643620e-01,1.000000000000000000e+00
7.321853837296999901e-01,4.654052727555467728e-01,0.000000000000000000e+00
3.846152411771902035e-01,1.300192495905973245e-01,1.000000000000000000e+00
5.370993756746766934e-01,9.094649489757157257e-01,1.000000000000000000e+00
5.387671319333976472e-01,6.100637294367660113e-01,0.000000000000000000e+00
9.676172491319265934e-01,5.147174324455344729e-02,1.000000000000000000e+00
3.106018508023626890e-01,8.221212947065520416e-01,0.000000000000000000e+00
5.249960276718688146e-01,7.887876538641203084e-03,0.000000000000000000e+00
3.656925680112282917e-01,6.211517654893259355e-01,1.000000000000000000e+00
7.078702534364103016e-01,3.764104936011049563e-01,1.000000000000000000e+00
5.169222155509919370e-01,3.887586990490377037e-01,0.000000000000000000e+00
3.990461183976357074e-01,9.936387262119050767e-01,0.000000000000000000e+00
4.990393236949933753e-01,7.518881051308620167e-01,0.000000000000000000e+00
9.786442882687793610e-01,4.859702355565586988e-03,1.000000000000000000e+00
8.782893697915755693e-01,6.417792597818055000e-01,0.000000000000000000e+00
6.720734061775747170e-01,2.385642577955942104e-03,1.000000000000000000e+00
1.611743562138945318e-01,7.649051424190216331e-01,0.000000000000000000e+00
2.805639607949153014e-01,7.935255516999205616e-01,0.000000000000000000e+00
6.248720302321321141e-01,2.413799034245893704e-01,0.000000000000000000e+00
9.900346208344323884e-02,3.484460497395402978e-01,0.000000000000000000e+00
4.070721822035323068e-01,1.696832448305198859e-01,1.000000000000000000e+00
4.842079109031671713e-02,4.573995369420319479e-01,0.000000000000000000e+00
5.186100706191509868e-02,2.499323939022713992e-01,0.000000000000000000e+00
1.421363997829801773e-01,2.138473454547400263e-03,1.000000000000000000e+00
1.050074113944274856e-01,9.854221098545541402e-01,0.000000000000000000e+00
1.645877207489280236e-01,3.106996896633514860e-01,0.000000000000000000e+00
3.905933864617095463e-01,7.528242183042100910e-01,1.000000000000000000e+00
2.997601043129912157e-01,2.505301789311379368e-01,1.000000000000000000e+00
8.031180515453351099e-02,2.449554710938716129e-01,0.000000000000000000e+00
1.392379621609847185e-01,1.979535092686783293e-01,1.000000000000000000e+00
3.029039342466641749e-01,3.214606476335182816e-01,1.000000000000000000e+00
7.083189341995981270e-01,5.540889432238488288e-01,0.000000000000000000e+00
6.068705806064247366e-01,5.015607063794798037e-01,1.000000000000000000e+00
7.736835045980678949e-01,1.303474703930077548e-02,1.000000000000000000e+00
5.136376338144007514e-01,6.223174074553093453e-03,1.000000000000000000e+00
2.854744465977482326e-01,5.421485976762734360e-01,1.000000000000000000e+00
5.983382710903111246e-01,4.877672740443964039e-02,1.000000000000000000e+00
1.661129339677738237e-01,3.413265989275053869e-01,0.000000000000000000e+00
7.362061689852068547e-01,9.155369888369065817e-03,1.000000000000000000e+00
4.150412134157906996e-01,6.601659333307963173e-01,0.000000000000000000e+00
6.951693553006804693e-01,6.408735374389082926e-04,1.000000000000000000e+00
6.087268160193765043e-01,8.913388762589662395e-01,0.000000000000000000e+00
9.027764390577380782e-01,3.611644823574405860e-01,0.000000000000000000e+00
6.773813611926737810e-01,5.880208628163445805e-01,0.000000000000000000e+00
8.453262392412641546e-01,2.912014316976361261e-01,1.000000000000000000e+00
3.106936400159175937e-01,5.918890359191791850e-01,1.000000000000000000e+00
7.080887330016438774e-01,2.643847591837606981e-01,1.000000000000000000e+00
7.448254942955184754e-01,6.283407640781325521e-01,0.000000000000000000e+00
2.763980475310104379e-01,5.261666947084499002e-01,1.000000000000000000e+00
7.890564468845878698e-01,3.183310374492434036e-01,1.000000000000000000e+00
1.814695691801208044e-01,1.587844922206276266e-01,0.000000000000000000e+00
9.188663441762114914e-01,1.326857518067565689e-01,1.000000000000000000e+00
1.841705416451169530e-01,3.515137255583530296e-01,1.000000000000000000e+00
5.661374117510432624e-01,7.051233761438052694e-01,0.000000000000000000e+00
4.258036243059566406e-01,6.809339942103153076e-01,0.000000000000000000e+00
2.004321666951154324e-01,8.118671255755249838e-01,0.000000000000000000e+00
6.383176837635458067e-01,1.913534049329882747e-01,1.000000000000000000e+00
5.617931641726250369e-01,5.961986404111270232e-01,1.000000000000000000e+00
5.310546162810353410e-01,7.773189548411101324e-01,1.000000000000000000e+00
1.463806147661627088e-01,5.935492259531017778e-01,0.000000000000000000e+00
1.055250185125020668e-01,1.383425727658402771e-01,0.000000000000000000e+00
7.939561060645359269e-01,1.473795957419065869e-02,1.000000000000000000e+00
2.423937377717936270e-01,4.321164391008047723e-03,0.000000000000000000e+00
6.742194616595305057e-01,2.482939845105103238e-01,0.000000000000000000e+00
7.792746261255842910e-01,4.164982698886461332e-01,1.000000000000000000e+00
2.643151310951820099e-01,2.938073357410896369e-01,0.000000000000000000e+00
5.341811533153952851e-01,9.113573137593512508e-01,1.000000000000000000e+00
3.296911798844585073e-01,2.166864328546450613e-01,0.000000000000000000e+00
5.432828074899817006e-01,6.417368964970742162e-01,0.000000000000000000e+00
8.070609229803192841e-01,4.637336951224142467e-01,0.000000000000000000e+00
8.728894709948517572e-02,1.593737042991659192e-01,1.000000000000000000e+00
8.849573814044000564e-01,2.452857512760415748e-01,0.000000000000000000e+00
3.781313418671997661e-01,1.328465029035793554e-01,0.000000000000000000e+00
7.326459644021572626e-02,1.078726159876917815e-03,1.000000000000000000e+00
2.918914131082662733e-01,2.574165570365118394e-01,1.000000000000000000e+00
3.473660778074743050e-01,6.872247528936906713e-01,0.000000000000000000e+00
2.761143141790820543e-01,8.550552194876234191e-01,0.000000000000000000e+00
4.709115781268728984e-01,7.829801531623422628e-01,1.000000000000000000e+00
2.986051047103872036e-01,5.605333972792911901e-01,1.000000000000000000e+00
4.564034753204347927e-01,8.218328466388495901e-01,0.000000000000000000e+00
6.447622678667188634e-01,5.091931861555104577e-01,1.000000000000000000e+00
6.143957259204778643e-01,1.240010489877172301e-01,1.000000000000000000e+00
2.559565637950101946e-01,5.570898116852751603e-01,0.000000000000000000e+00
8.438888543531126718e-01,6.074971426340165515e-01,0.000000000000000000e+00
1.605989044900362761e-01,1.644642203558573934e-01,1.000000000000000000e+00
4.347941611213970159e-01,8.265235103873104228e-01,0.000000000000000000e+00
6.112096741275919731e-01,1.371685904744476825e-01,1.000000000000000000e+00
9.833143295976487508e-01,8.220789340590088298e-03,1.000000000000000000e+00
3.934702441274979812e-01,1.241059015306009428e-01,1.000000000000000000e+00
7.383070184037681116e-01,2.646801683535584537e-01,1.000000000000000000e+00
6.146876298958384721e-01,8.424712893675857517e-01,0.000000000000000000e+00
3.294088040063176681e-01,5.149755580094921535e-03,1.000000000000000000e+00
7.861456515919160726e-01,7.442803258749117190e-03,1.000000000000000000e+00
3.304447186507948331e-01,5.040942608886817000e-01,1.000000000000000000e+00
3.312141640143233534e-01,9.043554276315582952e-01,0.000000000000000000e+00
7.757073695505845023e-01,7.507569565610535678e-01,0.000000000000000000e+00
1.859777175689735218e-01,1.351607018958986828e-01,0.000000000000000000e+00
5.962924165198788540e-01,1.587782422072428479e-01,1.000000000000000000e+00
2.618177951854220309e-01,1.042483754546528682e-02,1.000000000000000000e+00
4.185265021286637133e-01,2.027487134044481110e-02,0.000000000000000000e+00
3.623872167114287057e-01,6.152257454225366073e-01,0.000000000000000000e+00
2.869369174413314294e-01,8.935158797191120605e-01,0.000000000000000000e+00
6.146544619382858787e-01,7.564923217117411891e-01,1.000000000000000000e+00
7.024387632004216453e-01,9.131760419303318679e-03,1.000000000000000000e+00
6.841974571447424491e-01,5.897164273159504200e-01,1.000000000000000000e+00
8.577376790957620400e-01,2.034126659420088523e-01,1.000000000000000000e+00
4.491457019026108277e-01,8.688145022440146859e-01,1.000000000000000000e+00
6.642927730985920265e-01,6.311690863243889504e-01,0.000000000000000000e+00
9.249611110667294023e-02,1.620692686784078740e-01,1.000000000000000000e+00
3.593016371932683528e-01,8.047731223238926285e-03,1.000000000000000000e+00
4.373507109208563115e-01,5.921366898562321346e-01,1.000000000000000000e+00
7.057507294936368747e-02,7.623569770258351030e-02,1.000000000000000000e+00
2.999363501116696362e-01,7.669110116271951084e-03,1.000000000000000000e+00
3.259484868467583674e-01,5.194615797108352861e-01,1.000000000000000000e+00
3.491498919643159504e-01,1.633725039364126441e-01,1.000000000000000000e+00
7.315145829058666838e-01,2.561858636294231939e-01,1.000000000000000000e+00
6.691813376510238331e-01,5.577984612730462199e-01,0.000000000000000000e+00
1.047773142409780256e-03,7.553868406697983318e-02,0.000000000000000000e+00
2.682171397793444156e-01,4.370273307987854738e-01,1.000000000000000000e+00
9.930926776884719809e-01,6.899047221636401828e-01,0.000000000000000000e+00
5.781264872673653743e-01,8.198912528150723578e-01,1.000000000000000000e+00
3.148826801744845083e-01,3.587753176038085412e-01,1.000000000000000000e+00
7.299084947489297148e-01,3.699059579350244542e-01,0.000000000000000000e+00
9.605531049806994570e-01,8.003254540669199057e-01,0.000000000000000000e+00
5.200485431686653337e-01,3.343722517130513772e-02,1.000000000000000000e+00
9.280386326236287342e-01,2.175537410821521966e-01,0.000000000000000000e+00
3.452814761224178852e-01,1.588296803678325153e-01,1.000000000000000000e+00
5.294562208578047491e-01,5.352660161225269997e-01,1.000000000000000000e+00
2.643510606728527446e-01,9.828434034318643819e-01,0.000000000000000000e+00
3.651929051550391048e-01,1.308038374530134940e-01,1.000000000000000000e+00
7.956510561631237044e-01,9.938039434950369788e-01,0.000000000000000000e+00
8.303920693120663277e-01,2.607411772488169022e-01,1.000000000000000000e+00
1.982248874653169679e-02,1.279788177947919700e-02,1.000000000000000000e+00
5.395158166375255693e-01,7.028951833332455768e-02,1.000000000000000000e+00
1.139167437201438204e-02,2.277199910980868269e-01,0.000000000000000000e+00
3.353992491477447158e-01,2.638590600137005193e-01,1.000000000000000000e+00
3.002160258728525100e-01,3.303560201086113146e-01,1.000000000000000000e+00
5.888103722276704088e-01,5.530704702051910671e-01,0.000000000000000000e+00
7.922215332734869886e-01,3.222768065062433518e-01,1.000000000000000000e+00
4.563351293872197068e-01,1.603067527635653952e-02,1.000000000000000000e+00
6.073760324164170221e-01,1.354734138504191422e-02,1.000000000000000000e+00
7.023821802785685797e-01,3.832446935768728524e-01,1.000000000000000000e+00
6.339761836655201099e-01,4.432054154919362610e-01,0.000000000000000000e+00
3.495987222779405323e-01,3.770584339155884646e-01,0.000000000000000000e+00
6.250737906824600787e-02,9.982493507023768031e-02,1.000000000000000000e+00
6.598745578784781518e-01,6.627582755839478423e-01,1.000000000000000000e+00
5.433600571069358010e-01,5.106975012838791406e-01,1.000000000000000000e+00
7.555503151720288635e-01,7.166958464949946261e-01,0.000000000000000000e+00
7.281609103342767675e-01,5.004665879334897483e-01,0.000000000000000000e+00
7.180874792194239520e-01,5.010243333413352262e-01,0.000000000000000000e+00
9.916564310155699946e-01,1.544324617690092695e-02,1.000000000000000000e+00
4.696082232061918882e-01,5.260812829268646240e-01,1.000000000000000000e+00
9.366085490497685351e-01,9.929775834957102476e-02,1.000000000000000000e+00
3.601849604165570096e-01,6.899300389663590716e-01,0.000000000000000000e+00
1.202856615312919430e-02,5.266660776854580339e-01,0.000000000000000000e+00
8.343933933236709066e-01,3.839424903868199346e-01,0.000000000000000000e+00
9.162444520139367832e-03,7.299325715882970522e-01,0.000000000000000000e+00
3.420859338820796403e-01,3.992752906614503716e-02,1.000000000000000000e+00
7.076808751131071773e-01,5.637437275550369886e-01,1.000000000000000000e+00
7.696502347706420943e-01,9.221729811456312875e-01,0.000000000000000000e+00
3.323647742670259864e-01,3.185163943461080116e-01,1.000000000000000000e+00
9.776024828510705422e-01,8.131077059967001253e-01,0.000000000000000000e+00
8.410791168055850031e-01,8.048088412279206239e-01,0.000000000000000000e+00
7.044827900385951525e-01,6.043401853455765416e-02,0.000000000000000000e+00
8.263691594650358629e-01,1.079322840072797218e-01,0.000000000000000000e+00
5.404856034693947819e-01,8.204370535050918845e-01,1.000000000000000000e+00
5.455681419266097398e-01,3.929943069922866572e-01,0.000000000000000000e+00
7.404503075371489107e-01,5.038417098423840779e-01,1.000000000000000000e+00
7.683966137487596715e-01,3.902264288948888993e-01,1.000000000000000000e+00
3.946960156957307619e-01,3.120294951775426373e-01,0.000000000000000000e+00
6.568544238224269805e-01,5.378687787383144014e-01,1.000000000000000000e+00
1.987686543795182947e-01,3.341385432776267095e-02,0.000000000000000000e+00
1.642341294024002585e-01,1.034924895665735242e-02,1.000000000000000000e+00
6.853489115816814303e-01,3.542010982783425632e-01,1.000000000000000000e+00
5.718031718865461688e-01,7.582163443786922308e-01,1.000000000000000000e+00
3.673437768578036167e-01,6.590447927743777745e-01,0.000000000000000000e+00
6.398288756488949014e-01,7.097972059543430356e-01,0.000000000000000000e+00
1.146137606802053455e-01,7.172334179190399395e-01,0.000000000000000000e+00
8.038383115862834938e-02,5.096968328417894600e-02,0.000000000000000000e+00
4.193623255388037041e-01,7.406656534580142726e-01,0.000000000000000000e+00
3.647450999476207212e-01,5.144789486216092556e-01,1.000000000000000000e+00
5.168456323714970546e-01,8.688935501161528796e-01,1.000000000000000000e+00
6.628702122257487117e-01,5.383063106040730794e-01,1.000000000000000000e+00
3.933978215420802504e-01,1.341017937170695951e-01,1.000000000000000000e+00
6.002207420891488843e-01,5.837798977821695434e-02,0.000000000000000000e+00
7.258413804861466589e-01,6.811938256670466707e-01,0.000000000000000000e+00
2.228008393259188757e-01,2.907734551819849966e-01,1.000000000000000000e+00
2.899081584521722155e-01,4.972060779773504469e-01,1.000000000000000000e+00
2.121545661049103471e-01,2.530848968798303789e-01,0.000000000000000000e+00
5.639698363800582648e-02,4.333319325324258564e-01,0.000000000000000000e+00
3.778608557701053083e-01,4.189202158717783009e-01,0.000000000000000000e+00
9.173875643217106468e-01,1.637922050317210804e-02,1.000000000000000000e+00
5.577261078502099290e-01,9.428541964706207978e-02,1.000000000000000000e+00
6.501595767132825054e-01,3.694838460755561077e-02,1.000000000000000000e+00
3.520678250681323895e-01,5.333609325234972554e-01,1.000000000000000000e+00
3.053237271406730180e-01,4.198626322568809188e-01,0.000000000000000000e+00
8.104218212728796500e-01,6.679502376724097967e-01,0.000000000000000000e+00
6.842127162803702811e-01,2.899251621591470984e-01,0.000000000000000000e+00
2.998935023494466723e-01,2.606987676939377940e-01,1.000000000000000000e+00
3.927650143220100531e-01,7.547568750337976251e-01,1.000000000000000000e+00
6.424751300130897569e-01,5.064996179830097978e-01,1.000000000000000000e+00
7.585095943938480190e-01,9.046014375621118653e-01,0.000000000000000000e+00
5.567855335316770349e-01,8.524917648851446650e-01,1.000000000000000000e+00
4.034643982401721063e-01,6.348134763232526900e-02,0.000000000000000000e+00
7.550976661779195132e-01,6.487520101151342811e-01,0.000000000000000000e+00
8.101666205198106985e-01,4.491582150757994496e-01,0.000000000000000000e+00
8.033490527284350424e-01,2.531112435242322545e-01,1.000000000000000000e+00
8.295127227623970423e-02,6.741702143237307543e-02,1.000000000000000000e+00
8.095124086538960650e-01,1.110097439245278511e-01,1.000000000000000000e+00
5.983707859205020796e-01,7.818711791760715180e-01,1.000000000000000000e+00
5.706405585010395631e-01,1.577452453978749362e-03,1.000000000000000000e+00
6.404225105332198575e-01,6.227687376881479997e-01,1.000000000000000000e+00
9.232590518334133911e-01,1.309271093386139284e-01,1.000000000000000000e+00
8.477403010537831740e-01,1.559816898841635269e-01,1.000000000000000000e+00
3.549444945713470245e-01,2.021414195851673479e-01,1.000000000000000000e+00
3.178376192656592325e-01,5.496904652090202070e-01,0.000000000000000000e+00
4.336349838578612559e-02,2.340337250489876730e-03,0.000000000000000000e+00
7.035039268655084443e-01,6.554687178520142432e-02,1.000000000000000000e+00
4.186489545600001194e-01,5.117815118912012566e-03,1.000000000000000000e+00
7.038218995715295190e-02,7.249172028873329676e-02,0.000000000000000000e+00
8.832581540841019097e-01,2.259163772489808375e-01,0.000000000000000000e+00
4.160968531113707902e-01,1.454449474764500302e-02,1.000000000000000000e+00
2.845182267963970446e-01,6.846335688173859069e-01,0.000000000000000000e+00
7.226537478281457316e-01,9.153595152847632255e-01,0.000000000000000000e+00
4.786210509767070964e-01,7.548787098415125074e-01,1.000000000000000000e+00
5.860635157258586858e-01,9.448006651394240674e-01,0.000000000000000000e+00
7.781578580292816127e-01,3.779560152526595385e-02,0.000000000000000000e+00
5.986511399678128287e-01,7.834014124855346317e-01,1.000000000000000000e+00
5.929336116462934347e-01,4.166475982938734612e-02,1.000000000000000000e+00
9.433497335785877569e-01,1.097192981878686302e-01,1.000000000000000000e+00
6.846883368142279158e-01,5.036826035909484078e-01,0.000000000000000000e+00
9.396698552309492580e-01,1.429447823387542948e-01,0.000000000000000000e+00
6.953470886419216290e-01,1.520291032481397436e-02,1.000000000000000000e+00
5.015226449654333063e-01,4.053834050313600557e-01,0.000000000000000000e+00
8.062297080606171118e-01,2.546336874812022422e-01,1.000000000000000000e+00
4.867041928829036745e-01,5.025738676549880157e-01,1.000000000000000000e+00
3.214330710396374191e-01,3.517065776181687031e-01,1.000000000000000000e+00
5.509943956652123553e-01,5.947167733744280760e-01,1.000000000000000000e+00
1.195072693692601495e-01,4.605325158141215791e-01,0.000000000000000000e+00
6.694708410676416532e-01,3.374152946132787934e-01,0.000000000000000000e+00
3.240430362559744148e-01,3.429653242436976335e-01,0.000000000000000000e+00
8.688901720517387961e-01,2.141342961851314675e-01,0.000000000000000000e+00
9.167025980474113878e-01,9.633626104227537290e-01,0.000000000000000000e+00
6.604811515776732866e-01,9.631975169682810423e-01,0.000000000000000000e+00
6.802160954355487288e-01,9.752979173486074904e-01,0.000000000000000000e+00
5.668415681379990190e-03,3.446182821968774013e-01,0.000000000000000000e+00
6.597111992633220012e-01,4.211819372156534735e-02,1.000000000000000000e+00
7.975245196889488852e-01,8.805637601756842736e-01,0.000000000000000000e+00
5.405843455560622735e-01,5.371126888824300227e-01,1.000000000000000000e+00
4.598515493131935528e-01,5.614253640315440830e-01,1.000000000000000000e+00
6.613151127368416260e-01,3.101118938566145289e-01,1.000000000000000000e+00
6.087023947757417286e-01,6.878781113272055547e-01,1.000000000000000000e+00
3.091209967828926208e-01,6.315077393991420651e-01,0.000000000000000000e+00
4.535061143847515797e-01,5.077204501517836865e-01,1.000000000000000000e+00
6.082378388119594748e-01,6.908011868608773254e-01,1.000000000000000000e+00
5.865763786318689554e-02,4.237224718013998803e-01,0.000000000000000000e+00
1.498506897168519481e-01,2.874452696287893572e-01,1.000000000000000000e+00
6.081899213847926644e-01,1.358752503940635625e-01,1.000000000000000000e+00
3.357758420870576854e-01,1.606853187401646732e-01,0.000000000000000000e+00
5.190091992699282786e-01,5.454106605935470108e-05,1.000000000000000000e+00
2.806436932360818481e-01,6.724871908611954607e-01,0.000000000000000000e+00
6.181488709694440420e-01,7.508935044182548646e-01,1.000000000000000000e+00
8.498753200061548441e-01,1.040731843657456412e-01,0.000000000000000000e+00
7.916873999893411229e-01,4.592486257072996292e-01,0.000000000000000000e+00
1.531664468899923137e-01,1.679685243609372325e-01,1.000000000000000000e+00
6.767144106877779342e-01,9.071202618869956824e-01,0.000000000000000000e+00
8.975447834331018448e-02,5.264555725581487877e-04,0.000000000000000000e+00
5.749923056678701849e-01,1.344133518481419043e-01,1.000000000000000000e+00
3.193290922441538449e-01,2.493363519298167352e-01,0.000000000000000000e+00
6.302131663388310656e-01,7.226502466894608734e-01,1.000000000000000000e+00
6.732328414680768258e-01,1.222801772140913804e-02,1.000000000000000000e+00
1.014061204730926230e-01,1.371082062835753956e-01,1.000000000000000000e+00
1.949376731523977668e-01,3.496143105816221786e-01,1.000000000000000000e+00
6.235015913999929493e-01,8.476504564558022814e-01,0.000000000000000000e+00
8.288627952749962891e-01,6.048358344212074744e-01,0.000000000000000000e+00
7.822573259853488059e-01,6.629726403656018840e-01,0.000000000000000000e+00
5.630700928420795393e-01,8.397362335770470754e-01,0.000000000000000000e+00
7.429851588696644304e-01,7.825606116822209080e-01,0.000000000000000000e+00
5.992345265347127636e-01,1.649786572107824478e-01,1.000000000000000000e+00
1.506197666663847690e-01,3.745643230241139099e-01,0.000000000000000000e+00
3.996003058259359753e-01,8.306933340144175837e-01,0.000000000000000000e+00
5.208269702145253977e-01,6.781618729312172134e-01,0.000000000000000000e+00
3.534148041044629651e-01,1.127098447839272252e-02,1.000000000000000000e+00
7.375983994934053323e-01,4.451251136116177176e-01,1.000000000000000000e+00
4.370499672602995433e-01,3.151072408020592075e-01,0.000000000000000000e+00
6.248981352208358153e-01,2.215095106381144707e-01,1.000000000000000000e+00
4.588025407021830704e-01,4.292717651215333108e-01,0.000000000000000000e+00
8.288078492305154255e-01,7.971170589521260341e-01,0.000000000000000000e+00
8.212248899824791115e-01,8.620267100913187042e-01,0.000000000000000000e+00
4.850229611643784300e-01,5.029339295807504495e-01,1.000000000000000000e+00
6.171734399684636330e-01,9.820629741955234637e-01,0.000000000000000000e+00
1.710872489153136833e-01,7.611243912520579968e-01,0.000000000000000000e+00
7.912819275427562804e-01,4.917133536412207073e-01,0.000000000000000000e+00
4.886889593578489510e-01,5.475987415328917862e-01,0.000000000000000000e+00
4.283678792879444530e-01,1.303129555585857136e-01,1.000000000000000000e+00
5.268680638791629622e-01,9.735807688810665939e-01,0.000000000000000000e+00
9.674589807774494066e-01,4.026354721820923910e-02,1.000000000000000000e+00
4.199765629770964015e-01,9.903126972246439896e-01,0.000000000000000000e+00
8.235473839500153659e-01,5.131637500026885457e-01,0.000000000000000000e+00
1.511875227067664973e-01,3.358897711444353007e-01,0.000000000000000000e+00
2.604468601206584855e-01,2.638092590286924555e-01,1.000000000000000000e+00
7.223762057233263922e-01,2.934593176484220356e-01,1.000000000000000000e+00
4.212353242671894038e-01,1.973532176971750859e-02,1.000000000000000000e+00
1.312782682424970537e-01,2.207352346538707932e-01,1.000000000000000000e+00
2.194181255979590350e-01,4.190734743464810674e-02,1.000000000000000000e+00
6.407746356967806145e-01,6.819992318776169071e-03,0.000000000000000000e+00
2.674917364774878070e-01,3.899380455583822958e-01,1.000000000000000000e+00
8.917270882308987456e-01,1.864877427992693848e-01,1.000000000000000000e+00
4.292723183248694507e-01,5.864940771071963654e-01,0.000000000000000000e+00
5.940009969810956525e-01,9.620549027632890882e-01,0.000000000000000000e+00
9.935920522960365320e-01,7.658533553001656280e-02,0.000000000000000000e+00
1.261321871778411374e-01,8.458996236190902129e-01,0.000000000000000000e+00
1.122999969194817815e-01,5.348158154161453126e-04,0.000000000000000000e+00
8.411425917157132615e-01,1.693309172918853467e-01,1.000000000000000000e+00
5.147377487328486101e-01,5.132705941468259647e-01,1.000000000000000000e+00
6.367761658311190676e-01,5.115053310853303614e-01,1.000000000000000000e+00
7.343803225611800212e-01,3.724264576576295505e-01,1.000000000000000000e+00
6.240340557637035213e-01,6.199167709571000717e-01,1.000000000000000000e+00
2.186391820015695098e-01,5.821970667397342591e-01,0.000000000000000000e+00
2.916584467301074346e-01,1.847579669040025699e-02,1.000000000000000000e+00
1.605105910653281676e-01,5.621138980572151223e-01,0.000000000000000000e+00
6.446413807842713561e-01,6.309175164157484472e-01,1.000000000000000000e+00
7.241096989504395287e-01,2.943396107618985735e-01,1.000000000000000000e+00
2.623795989314575694e-01,9.813140740358676783e-01,0.000000000000000000e+00
1.171944069146815259e-01,9.123348370200315971e-01,0.000000000000000000e+00
4.571670994046083125e-01,5.168848415436928523e-01,0.000000000000000000e+00
6.315213048493313330e-01,2.236319133682864724e-01,0.000000000000000000e+00
2.994801156660114594e-01,5.109248152233496487e-01,1.000000000000000000e+00
9.181194153901467425e-02,1.597451294324494508e-01,1.000000000000000000e+00
4.201678183759972596e-01,1.300143292699051933e-02,0.000000000000000000e+00
7.244411509148362960e-02,6.409148201820009938e-02,1.000000000000000000e+00
4.677470212121365156e-01,9.097222344714115394e-01,1.000000000000000000e+00
7.657698273989912430e-01,2.558335481946870660e-01,1.000000000000000000e+00
8.039649483627279158e-01,7.653284476885482412e-01,0.000000000000000000e+00
1.300167145147975711e-01,6.959165854350788383e-01,0.000000000000000000e+00
4.844601212147852110e-01,9.939574345182567994e-01,0.000000000000000000e+00
5.967274881395246977e-01,7.778490531949688869e-01,1.000000000000000000e+00
5.462269015276851603e-01,8.579203460255532265e-01,0.000000000000000000e+00
8.240376083596877566e-01,1.535407984019661332e-02,1.000000000000000000e+00
4.444255163032663214e-01,9.613198185000129126e-01,0.000000000000000000e+00
3.809002863767819713e-01,7.772531345174545914e-01,0.000000000000000000e+00
9.035233662082308159e-01,5.634156545587107878e-01,0.000000000000000000e+00
8.849562641548556208e-01,1.171731457801522547e-01,0.000000000000000000e+00
6.694026345906517461e-01,6.237912259082720179e-02,1.000000000000000000e+00
6.473509590242363387e-01,9.231884099195182269e-01,0.000000000000000000e+00
7.338962671084585665e-01,6.227005496867843437e-02,0.000000000000000000e+00
2.960214561677205758e-01,3.817087280954055695e-01,1.000000000000000000e+00
1.063813303118097964e-01,1.465746497047762387e-01,1.000000000000000000e+00
5.168519823368370458e-01,4.080480468609404276e-02,0.000000000000000000e+00
9.199035816531551113e-01,1.356458512537685457e-01,1.000000000000000000e+00
5.444340063081594128e-01,7.248135724352465781e-01,0.000000000000000000e+00
3.038613418785699460e-01,5.280293319369472327e-01,0.000000000000000000e+00
5.465661752294540543e-01,8.136873610494320674e-01,1.000000000000000000e+00
3.354939540211497873e-01,3.802548988206372327e-01,0.000000000000000000e+00
9.074442641166161616e-01,2.905814922314828852e-01,0.000000000000000000e+00
3.475614318031950978e-01,9.097539046056501988e-01,0.000000000000000000e+00
3.402327673758194226e-01,1.780231453616388515e-01,1.000000000000000000e+00
6.604245178730083765e-01,4.779756437739491881e-01,0.000000000000000000e+00
8.265952197581550864e-01,2.560382349533811275e-01,1.000000000000000000e+00
1.119891011061593389e-01,2.226362736463181058e-01,0.000000000000000000e+00
5.872942744940049531e-01,4.806782966198944740e-01,0.000000000000000000e+00
7.968384164219809440e-01,2.652212697214298975e-01,0.000000000000000000e+00
6.181987598096014835e-01,7.432945153407443106e-01,1.000000000000000000e+00
6.012747900838080195e-01,7.816619622961153979e-01,1.000000000000000000e+00
1.924746293423598154e-01,4.589487089971872047e-01,0.000000000000000000e+00
6.990975674599129164e-01,2.600399406779120293e-01,1.000000000000000000e+00
8.788670920378904849e-01,5.308520088287720373e-01,0.000000000000000000e+00
1.674203831391789521e-01,7.202261406883761485e-02,1.000000000000000000e+00
8.577598534205365111e-01,3.125382037068093286e-03,1.000000000000000000e+00
3.179061356008420214e-01,5.950952976078875967e-01,1.000000000000000000e+00
2.708882826974661207e-01,2.611773493274117675e-01,1.000000000000000000e+00
5.043991561201325302e-01,3.342013044147812417e-01,0.000000000000000000e+00
2.682538392220610302e-01,8.958041920199455443e-01,0.000000000000000000e+00
7.092945348207444489e-01,3.853630090178062906e-01,0.000000000000000000e+00
2.851843400400111417e-01,5.631790640913345580e-01,1.000000000000000000e+00
4.221709816542228988e-01,4.972310194929750460e-01,1.000000000000000000e+00
2.635242078851164349e-01,9.637182806346612507e-01,0.000000000000000000e+00
1.195785735809782313e-01,6.128451541980250994e-02,0.000000000000000000e+00
9.991721420295655021e-01,4.617292063095214116e-01,0.000000000000000000e+00
6.119503725540648142e-01,1.947288579376337536e-01,1.000000000000000000e+00
4.154747804990935878e-01,6.977074180001557879e-01,0.000000000000000000e+00
5.911811091976435506e-01,5.415803939692100943e-01,1.000000000000000000e+00
4.101414165783310861e-01,5.444197600021857264e-01,1.000000000000000000e+00
8.586201546131907447e-01,1.963958811643395364e-01,1.000000000000000000e+00
6.491924802248616455e-01,9.309960150801177559e-01,0.000000000000000000e+00
4.231660303010725266e-01,8.167712651202767571e-01,1.000000000000000000e+00
3.559286448149948656e-01,4.951517670668433846e-01,0.000000000000000000e+00
4.338736557976495822e-01,6.519351333011252914e-01,0.000000000000000000e+00
7.349730679367908470e-01,5.023811011632060008e-01,1.000000000000000000e+00
7.512456742465589699e-03,5.765606093357125150e-01,0.000000000000000000e+00
9.883584716122971736e-01,7.598590446494590811e-02,0.000000000000000000e+00
7.228434840180955057e-01,2.894348961387521735e-01,1.000000000000000000e+00
2.222800888145297082e-01,2.853869364038474910e-01,1.000000000000000000e+00
4.787735818323337611e-01,5.074574701024449075e-01,1.000000000000000000e+00
4.259884540642897566e-01,3.649916773958573613e-01,0.000000000000000000e+00
7.192582396706259651e-01,4.186506063846180681e-02,1.000000000000000000e+00
2.856934711320384679e-01,4.734502545051089140e-01,0.000000000000000000e+00
9.578941439890364951e-02,6.165033271095510248e-01,0.000000000000000000e+00
2.744967426191323723e-01,1.924712861691935117e-03,0.000000000000000000e+00
1.339725631075723844e-01,2.481853021604610021e-01,1.000000000000000000e+00
6.736848551196217283e-01,1.377002721681747366e-01,1.000000000000000000e+00
2.155935924271504822e-01,9.450151176849619361e-01,0.000000000000000000e+00
6.011390549750041945e-01,2.552699573809417144e-01,0.000000000000000000e+00
1.471563865779907387e-01,3.414255823685843905e-02,1.000000000000000000e+00
1.767721933736645656e-01,9.256723846114670584e-01,0.000000000000000000e+00
4.190109966944615683e-01,5.615059945532994146e-01,1.000000000000000000e+00
2.443831541982586231e-01,2.950688287701292989e-01,0.000000000000000000e+00
4.655326141890668290e-01,7.784671169625952958e-01,1.000000000000000000e+00
4.268999408603939560e-01,5.656435269877633232e-01,1.000000000000000000e+00
1.328103022887463514e-01,7.012324733282015998e-02,0.000000000000000000e+00
4.455915077911868361e-01,3.932242074741336690e-01,0.000000000000000000e+00
3.321555986471401711e-01,5.660179220171206449e-01,1.000000000000000000e+00
7.465190479638090792e-01,4.641225033666948607e-01,1.000000000000000000e+00
5.083053028669670681e-02,3.056244933675456021e-02,0.000000000000000000e+00
8.899033238142621816e-01,1.652029664995048608e-02,1.000000000000000000e+00
7.643154340408857550e-01,4.438768520999287204e-01,1.000000000000000000e+00
3.362380715544662779e-01,2.050140197576661993e-01,0.000000000000000000e+00
7.060979116145386092e-01,5.079839088514551682e-01,0.000000000000000000e+00
5.718482864132075072e-01,1.130006969100501024e-01,0.000000000000000000e+00
6.384557979620238966e-01,9.824217226300362427e-01,0.000000000000000000e+00
1.738229145341900206e-01,1.250820154729854472e-01,1.000000000000000000e+00
8.152816357800426461e-01,3.524425846495361503e-01,1.000000000000000000e+00
3.526186236660814322e-01,5.257067994613167095e-01,0.000000000000000000e+00
3.601928737162104488e-01,1.310062285031020068e-01,1.000000000000000000e+00
8.109067213883138781e-01,3.484700824385075779e-01,1.000000000000000000e+00
6.061438442942556071e-01,3.206735391104987842e-01,0.000000000000000000e+00
1.459731015935181175e-01,2.847786049374682049e-01,1.000000000000000000e+00
6.061196003400927124e-01,6.820014110866037260e-01,1.000000000000000000e+00
2.951025994340932268e-01,3.790245938830492656e-01,1.000000000000000000e+00
3.358506769574236550e-01,3.404092103110818446e-01,0.000000000000000000e+00
2.751477291592016039e-01,4.721025553411544590e-02,1.000000000000000000e+00
8.238747962502022126e-01,6.664348165023430137e-02,1.000000000000000000e+00
8.399305777707420928e-01,2.822131986929222736e-01,1.000000000000000000e+00
6.098099322272753087e-01,5.035911324073567563e-01,1.000000000000000000e+00
6.555040055569101298e-01,6.914932720555133638e-01,0.000000000000000000e+00
8.257133805776739610e-02,6.556688828624805954e-01,0.000000000000000000e+00
2.696144974765124491e-01,3.186267305032904895e-01,0.000000000000000000e+00
6.962014252087270760e-01,7.595846398274952449e-02,0.000000000000000000e+00
8.043927690037397937e-01,8.599260277597907676e-01,0.000000000000000000e+00
3.450209889959872100e-01,5.277717843666032138e-01,1.000000000000000000e+00
9.193473857817328065e-01,1.376405471048882667e-01,1.000000000000000000e+00
7.289863388088966278e-01,1.463045713434852485e-02,1.000000000000000000e+00
1.822211159241937661e-01,1.820514093261336175e-01,0.000000000000000000e+00
7.055216298648129269e-01,5.718775756603504679e-01,1.000000000000000000e+00
6.346160957466487895e-01,8.483715604923475206e-01,0.000000000000000000e+00
8.172472785537134854e-01,9.873301707191657617e-02,1.000000000000000000e+00
4.451482864448330634e-01,5.884759333350128019e-01,0.000000000000000000e+00
2.936081114025078653e-01,5.086080049791031898e-01,1.000000000000000000e+00
9.623681549938202240e-01,4.749251225442936430e-01,0.000000000000000000e+00
4.160526103924565566e-01,5.755214008657840719e-01,1.000000000000000000e+00
5.486627801842824947e-01,7.664188740767663433e-01,1.000000000000000000e+00
4.076624635910783834e-01,1.675432710633441014e-01,1.000000000000000000e+00
6.865505048972090352e-01,9.866462210158605250e-02,1.000000000000000000e+00
5.954933051150861356e-01,5.248184480538558017e-01,0.000000000000000000e+00
8.335878674510168729e-01,7.167259496973886479e-02,1.000000000000000000e+00
9.121215922299112933e-01,9.078116295439310202e-01,0.000000000000000000e+00
5.388257770533686486e-01,5.304897182024044255e-01,1.000000000000000000e+00
6.417582297374230249e-01,2.738142615916167033e-01,0.000000000000000000e+00
4.817838062866575122e-01,5.944223298032862424e-01,0.000000000000000000e+00
7.078164951805114846e-01,9.272168895878092343e-01,0.000000000000000000e+00
2.677894017233507507e-01,5.085905038858294924e-01,1.000000000000000000e+00
9.447380676845251735e-03,7.651371301524876323e-01,0.000000000000000000e+00
3.990823310662003909e-01,6.943355076148292060e-01,1.000000000000000000e+00
2.630202612428848008e-01,7.874631587618543538e-01,0.000000000000000000e+00
3.101476031979510939e-02,2.306169975662663019e-01,0.000000000000000000e+00
2.610989751372958523e-01,5.055421104826005596e-01,1.000000000000000000e+00
7.819379825680483620e-03,3.213500650882780141e-01,0.000000000000000000e+00
9.152429243296620331e-01,8.404936641476470349e-01,0.000000000000000000e+00
4.743542021691133925e-01,7.264120464066808891e-01,0.000000000000000000e+00
4.343505777482400410e-01,4.983208848763420740e-01,0.000000000000000000e+00
7.970438164316264729e-01,3.193256399471798845e-01,1.000000000000000000e+00
9.567688481120304456e-01,4.113535116797040203e-01,0.000000000000000000e+00
6.631569743805756367e-01,7.217456085916825748e-01,0.000000000000000000e+00
3.013509928584703346e-01,5.087727339593293152e-01,1.000000000000000000e+00
9.985878986020093606e-01,8.291670484963392651e-01,0.000000000000000000e+00
4.515504967779143675e-01,7.494623903267827458e-01,1.000000000000000000e+00
4.624129502674046432e-01,6.895511390102387027e-03,1.000000000000000000e+00
4.721049354149854382e-01,9.454645926039971782e-01,0.000000000000000000e+00
7.975539162814554439e-01,3.305420299114084082e-01,1.000000000000000000e+00
4.176902107376261331e-01,5.033984544840541808e-01,1.000000000000000000e+00
4.166917219072022172e-01,6.296003749288429097e-01,1.000000000000000000e+00
7.762821012494063311e-01,4.657086098973283600e-02,1.000000000000000000e+00
3.997184471519388826e-01,7.841031674092980852e-01,1.000000000000000000e+00
5.950658744619310436e-01,5.311086735460401886e-01,1.000000000000000000e+00
6.944025610028363715e-01,4.263037806218259451e-01,0.000000000000000000e+00
2.163474744811504924e-01,2.889354435221839212e-01,1.000000000000000000e+00
7.715271392577560672e-01,6.292432392039086775e-01,0.000000000000000000e+00
1.261042743855779469e-01,2.235482083805071241e-01,1.000000000000000000e+00
2.717970932955256491e-01,4.511097304234877869e-01,1.000000000000000000e+00
4.502982894910267930e-01,5.075852344912185066e-01,1.000000000000000000e+00
3.935315303340499726e-01,7.474946209803867703e-01,1.000000000000000000e+00
3.181110082564329589e-01,6.014191977845715353e-01,1.000000000000000000e+00
4.279983834316241631e-01,1.374236845903687443e-01,1.000000000000000000e+00
7.616562935752665409e-01,3.902780344127956269e-01,1.000000000000000000e+00
6.414167027630572893e-01,7.090320498765002588e-01,1.000000000000000000e+00
4.284219062942099532e-01,8.978674916324491662e-02,0.000000000000000000e+00
2.761626590181949226e-01,4.640843583229907476e-02,1.000000000000000000e+00
3.399720999660597043e-01,7.319810965233067845e-01,0.000000000000000000e+00
7.680013223739724504e-01,7.507997443444359709e-01,0.000000000000000000e+00
2.338809707321503895e-01,2.605001928623672525e-01,1.000000000000000000e+00
6.736161679958581061e-01,5.012763026953140910e-01,1.000000000000000000e+00
6.744197012851282924e-02,2.185379715328288341e-01,0.000000000000000000e+00
2.447260678798844069e-01,4.803657518489847789e-01,1.000000000000000000e+00
1.455224244562177693e-01,1.024477747476650047e-02,1.000000000000000000e+00
9.593573545859626073e-01,7.413791845226214150e-01,0.000000000000000000e+00
1.250414477207365538e-01,7.124476949092061195e-01,0.000000000000000000e+00
2.539615399693062603e-01,4.754403855312242522e-01,1.000000000000000000e+00
2.064012319341687052e-01,3.858556009680230714e-01,1.000000000000000000e+00
1.995750821515738238e-01,2.155627860023844322e-01,0.000000000000000000e+00
6.060317184962284998e-01,8.602965189223138465e-01,0.000000000000000000e+00
7.522538013122419542e-01,7.767711741668090752e-01,0.000000000000000000e+00
7.959761028780154568e-01,9.135565171224412362e-01,0.000000000000000000e+00
1.075936653534668719e-01,5.114558347723225165e-03,1.000000000000000000e+00
2.666421424858627098e-01,1.644631159638286282e-04,1.000000000000000000e+00
9.414321276988796283e-01,2.375049824176446167e-01,0.000000000000000000e+00
9.574628453924474147e-01,8.523527791599366799e-01,0.000000000000000000e+00
9.246823355343146700e-01,6.087512414334531607e-01,0.000000000000000000e+00
8.519619374766135289e-01,9.328048671512259027e-01,0.000000000000000000e+00
9.698408647955936157e-02,6.259842180536246969e-01,0.000000000000000000e+00
5.773860587444550330e-01,8.388389920630734409e-02,0.000000000000000000e+00
5.275183879809345333e-01,8.694998160942085663e-01,1.000000000000000000e+00
6.504068060354332159e-01,6.299653361512789207e-01,1.000000000000000000e+00
7.789889202305477767e-01,9.167319254668672146e-01,0.000000000000000000e+00
2.135339059237684189e-01,1.285412197172590698e-01,0.000000000000000000e+00
4.462875734609941247e-01,7.292965615843866045e-01,0.000000000000000000e+00
8.935113900208440096e-01,8.202952863361908653e-01,0.000000000000000000e+00
8.048387228090423395e-01,3.492618594623527750e-01,1.000000000000000000e+00
5.329806375909121874e-01,6.364308169918831970e-01,0.000000000000000000e+00
4.678691307098464813e-01,1.813319050938686505e-01,0.000000000000000000e+00
5.532234829056974501e-01,1.364818510721209632e-01,0.000000000000000000e+00
3.092528863555326080e-01,1.005990808068032150e-01,1.000000000000000000e+00
6.450737820240333154e-01,6.354700450398080847e-01,1.000000000000000000e+00
4.760363401588447729e-01,5.418896532133571364e-01,1.000000000000000000e+00
3.009236189247644910e-01,1.323712247367124333e-02,1.000000000000000000e+00
7.013680411428201422e-01,3.191179239850152616e-01,1.000000000000000000e+00
3.340028666026974569e-01,1.299040142645492280e-01,1.000000000000000000e+00
9.736789653190137672e-01,8.447914984586213372e-02,0.000000000000000000e+00
1.422524629774198912e-01,2.055930617555036255e-01,1.000000000000000000e+00
3.424611369517889248e-01,8.591523047720224238e-01,0.000000000000000000e+00
1.730738935697091474e-01,1.358035134922334353e-01,1.000000000000000000e+00
2.825688266343788779e-01,6.698364718070235480e-01,0.000000000000000000e+00
1.844133185344732917e-01,4.381033148142049471e-01,0.000000000000000000e+00
1.664120447009163895e-01,7.368225196106185926e-02,1.000000000000000000e+00
3.466401868041655843e-01,5.569961753233796525e-02,1.000000000000000000e+00
1.446785406423489739e-01,7.091798003183211740e-01,0.000000000000000000e+00
2.338886051368191943e-01,4.435511357048855796e-01,1.000000000000000000e+00
1.838884520225332886e-01,1.085497377755184345e-01,1.000000000000000000e+00
4.852133712380449770e-01,9.381600150471551824e-01,1.000000000000000000e+00
7.251118706752458509e-01,4.737421230999805388e-02,1.000000000000000000e+00
3.550105161584293789e-02,2.151089093626934456e-01,0.000000000000000000e+00
8.406348317872242015e-01,1.536128463956885071e-01,0.000000000000000000e+00
9.421219133000321988e-02,1.627694018126611686e-01,1.000000000000000000e+00
8.276082443408867562e-01,1.008416871348177986e-02,1.000000000000000000e+00
3.751462117517049832e-01,7.247353771790234767e-01,1.000000000000000000e+00
5.356130493621223954e-01,5.220211973453903198e-02,0.000000000000000000e+00
1.323966990747915684e-02,9.265205905426674438e-01,0.000000000000000000e+00
3.061723779742652196e-01,3.277794579061849012e-01,0.000000000000000000e+00
1.680485112461373998e-01,2.562513763312489479e-01,1.000000000000000000e+00
7.662095268809184789e-01,4.586948515265001358e-01,1.000000000000000000e+00
6.023804406327876171e-01,3.053730317531588856e-02,0.000000000000000000e+00
5.869994364090149741e-01,5.012648377879169725e-02,0.000000000000000000e+00
9.280615246955008502e-01,4.976790004202406026e-01,0.000000000000000000e+00
9.751032794682807925e-01,9.716265470826771500e-01,0.000000000000000000e+00
2.459867580688993305e-01,4.399747149748500785e-01,1.000000000000000000e+00
3.920503440936785600e-01,9.455090097015503847e-01,0.000000000000000000e+00
3.931908466988842665e-01,4.387713633589319651e-01,0.000000000000000000e+00
9.728271677906200621e-01,5.908539177499768646e-01,0.000000000000000000e+00
5.865969264943549089e-01,7.655644040744776779e-01,0.000000000000000000e+00
4.109633062838622397e-01,8.092304260787773762e-01,0.000000000000000000e+00
2.992266715450885295e-01,6.227535944934126100e-02,0.000000000000000000e+00
5.398365211835220306e-02,9.302669595075986619e-02,1.000000000000000000e+00
7.238164602153625005e-01,1.765290989711820746e-02,0.000000000000000000e+00
9.569689845132360873e-01,8.330219059119271519e-01,0.000000000000000000e+00
4.852999026939474048e-01,8.571713779304506245e-03,1.000000000000000000e+00
2.938986697599569320e-01,3.709129262877988394e-04,1.000000000000000000e+00
6.036708018162673106e-02,6.332862307058537699e-01,0.000000000000000000e+00
8.526190670489047774e-02,1.324575626996507549e-02,1.000000000000000000e+00
4.846862288783527761e-01,4.609711268141107876e-01,0.000000000000000000e+00
4.125762549427114401e-02,8.457758565305258935e-01,0.000000000000000000e+00
5.882900946436444567e-01,1.684555217197835353e-01,1.000000000000000000e+00
7.588170907788178710e-01,4.006181213160273646e-01,0.000000000000000000e+00
4.050859309190045776e-01,1.675581752258074042e-01,1.000000000000000000e+00
7.767944646291828903e-01,4.910145001398084075e-01,0.000000000000000000e+00
7.912340511359557960e-01,3.096186709716461372e-01,1.000000000000000000e+00
8.280235679803538140e-01,2.682640561103720733e-01,1.000000000000000000e+00
1.371279427928601136e-01,1.645743076386444459e-01,0.000000000000000000e+00
9.940346281455514355e-02,4.923463100166474149e-01,0.000000000000000000e+00
2.473344409011685174e-01,7.783615117393389848e-01,0.000000000000000000e+00
7.268062047552432681e-01,2.480698500805562368e-01,1.000000000000000000e+00
2.708250716148090098e-01,3.852975226243546270e-01,1.000000000000000000e+00
7.058785498556866544e-01,5.608068210946884902e-01,1.000000000000000000e+00
8.826305527426867581e-01,2.284091416135738961e-01,1.000000000000000000e+00
8.945369469355758385e-01,8.737444080276659530e-01,0.000000000000000000e+00
9.145837626685077160e-01,5.868596555703970985e-01,0.000000000000000000e+00
1.667257714300662552e-01,2.672225623720412280e-01,1.000000000000000000e+00
2.908118739743084658e-01,6.381067199454837358e-02,1.000000000000000000e+00
6.277563643486729905e-01,2.337047515142842702e-01,1.000000000000000000e+00
4.228154460429053296e-01,3.256601985200699989e-01,0.000000000000000000e+00
3.255311566630304521e-01,3.416797216476736843e-01,0.000000000000000000e+00
3.619760905262734418e-01,7.549305105119679116e-01,0.000000000000000000e+00
9.735166590126140829e-01,3.314901519703804533e-01,0.000000000000000000e+00
6.992382071875455907e-01,8.970212096180425476e-01,0.000000000000000000e+00
4.077955896844178696e-01,3.797144624538134616e-01,0.000000000000000000e+00
5.637507914837854850e-01,9.932431418933280742e-01,0.000000000000000000e+00
3.438063627128515876e-01,5.261119940599078282e-01,1.000000000000000000e+00
8.490415989901745064e-01,6.589654063298909792e-01,0.000000000000000000e+00
4.363764977101423082e-01,5.953108300150893317e-01,1.000000000000000000e+00
4.306323239300582362e-01,1.090731580787630828e-01,1.000000000000000000e+00
5.707998811410721629e-01,8.043286639506586067e-02,0.000000000000000000e+00
9.753389101360409041e-01,7.297251075394272091e-01,0.000000000000000000e+00
9.370288057210691690e-01,6.431871524463935730e-01,0.000000000000000000e+00
7.974731231297511602e-01,9.855925546578374608e-01,0.000000000000000000e+00
2.670191156097669327e-01,3.746434990437501611e-01,1.000000000000000000e+00
1.736750069101822835e-01,3.255086949053747070e-01,1.000000000000000000e+00
2.571457022732777098e-01,6.537776769522058405e-03,1.000000000000000000e+00
9.511140425790737263e-01,3.439674270538750633e-02,0.000000000000000000e+00
2.759157614223421984e-01,4.207596182838927446e-01,1.000000000000000000e+00
4.090509758377821603e-01,1.658727202908891751e-01,1.000000000000000000e+00
7.049161605978302436e-01,6.773042145983160407e-03,1.000000000000000000e+00
3.322554723070935689e-01,2.886336726283350931e-03,1.000000000000000000e+00
4.879051500981031464e-01,7.502015269927828633e-01,1.000000000000000000e+00
4.764853399413274682e-01,5.090702100103550176e-01,1.000000000000000000e+00
7.862251447655406178e-01,6.228831661732489033e-01,0.000000000000000000e+00
9.690297287090665623e-01,3.795973847954167146e-01,0.000000000000000000e+00
2.438459885017516537e-01,4.675790974515148801e-01,1.000000000000000000e+00
9.694944624470748229e-01,9.064133094476026775e-01,0.000000000000000000e+00
5.571644182528183720e-01,4.297831307829864667e-01,0.000000000000000000e+00
8.443034472761897780e-01,1.613696042818038578e-01,1.000000000000000000e+00
3.590290246029416710e-01,1.358970640672814978e-01,1.000000000000000000e+00
6.008147300401885937e-01,7.901954413387003440e-01,0.000000000000000000e+00
8.386655882044196098e-01,7.020871218865713803e-02,1.000000000000000000e+00
3.520945652309537821e-01,5.052051733237941100e-01,1.000000000000000000e+00
5.336811042521178994e-01,7.882696283958277039e-01,1.000000000000000000e+00
8.650459152338094704e-01,8.816441008438151705e-01,0.000000000000000000e+00
4.854331303496173255e-01,2.311308870255859849e-02,1.000000000000000000e+00
4.028328206626873853e-01,4.074333337651514508e-02,1.000000000000000000e+00
3.671578294842412493e-01,6.126239832816195996e-01,0.000000000000000000e+00
4.130167742143694420e-01,2.531664427831170627e-02,0.000000000000000000e+00
3.356899981028175217e-01,5.636169453256438810e-01,0.000000000000000000e+00
3.184076369648822791e-01,8.287033519973554530e-01,0.000000000000000000e+00
1.982472843121064199e-01,2.058713816032259336e-02,1.000000000000000000e+00
9.381493055282830174e-01,1.006503241654645026e-01,1.000000000000000000e+00
8.957345519247854604e-01,1.176455013734035715e-01,0.000000000000000000e+00
5.526043171000097898e-01,5.882658523081129021e-01,1.000000000000000000e+00
5.432877046285951028e-01,3.617353696314294220e-03,1.000000000000000000e+00
3.261952053180492972e-01,5.606395509405515121e-01,1.000000000000000000e+00
7.907895610242111628e-01,6.498351344357474746e-01,0.000000000000000000e+00
4.885944129222914989e-01,8.774699292834471365e-01,1.000000000000000000e+00
5.971566648919878206e-01,6.409306147924357377e-01,0.000000000000000000e+00
5.391887811743196757e-01,1.439008825348987893e-02,1.000000000000000000e+00
4.568788021865929361e-01,7.540090913761924307e-01,1.000000000000000000e+00
4.807641858607017982e-01,7.204429191151541234e-01,0.000000000000000000e+00
7.154832203243900457e-01,7.416780887637794972e-01,0.000000000000000000e+00
8.294975770199061182e-01,3.216404247550985196e-01,1.000000000000000000e+00
6.093277811586323978e-01,9.471481966138596553e-03,1.000000000000000000e+00
7.756754964669230201e-01,4.373075920154636531e-01,1.000000000000000000e+00
7.104543214982258492e-01,4.364457161862790591e-02,1.000000000000000000e+00
1.687374520283189683e-01,7.722205196368518709e-02,1.000000000000000000e+00
5.453572180419095083e-01,3.326574294648789731e-01,0.000000000000000000e+00
1.794435483679797105e-01,5.706751465975272719e-01,0.000000000000000000e+00
4.268417485710627179e-01,5.635377078450258814e-01,1.000000000000000000e+00
2.858611869431992858e-01,6.685762420306826659e-01,0.000000000000000000e+00
9.359383951126130086e-01,3.906735893405521853e-02,0.000000000000000000e+00
7.969572881704416467e-01,6.211497257566433311e-03,1.000000000000000000e+00
1.072912279915830824e-01,5.306387353429407039e-01,0.000000000000000000e+00
3.698218142321570978e-01,1.615432174260285070e-01,0.000000000000000000e+00
5.986688320817100672e-01,1.662358776236110558e-01,1.000000000000000000e+00
8.970233527157667197e-01,9.877121397462732544e-01,0.000000000000000000e+00
8.614498063430463537e-01,7.780255966729715533e-01,0.000000000000000000e+00
6.387403420078840988e-01,1.464378414617374669e-02,1.000000000000000000e+00
7.579072503701070884e-01,2.593959915394463689e-01,1.000000000000000000e+00
2.643151717929749789e-01,4.371650570484381104e-01,1.000000000000000000e+00
6.810767491914891947e-01,3.216241429532874507e-01,1.000000000000000000e+00
7.199890192304267966e-01,4.090787704737998409e-02,1.000000000000000000e+00
6.458561992755853520e-01,9.791194392239185168e-03,1.000000000000000000e+00
8.756613146969451922e-01,3.607811711648537534e-01,0.000000000000000000e+00
3.995595378368406170e-01,6.138903921493178428e-01,0.000000000000000000e+00
5.338350822792232719e-01,7.753324121042742822e-01,1.000000000000000000e+00
4.981864331789349620e-01,7.192861635075324944e-01,0.000000000000000000e+00
7.038484623375045324e-01,3.906011013459581571e-01,1.000000000000000000e+00
2.176908935083640140e-01,4.638664530185356849e-01,0.000000000000000000e+00
9.933560361271953632e-01,1.205811013939919185e-01,0.000000000000000000e+00
9.203178350907623706e-01,1.445629969468228970e-01,1.000000000000000000e+00
3.809506479037362281e-01,5.064880367895597812e-01,1.000000000000000000e+00
1.912537987198975609e-01,8.248034537241510922e-01,0.000000000000000000e+00
5.181830208431774665e-01,4.642577736156595636e-01,0.000000000000000000e+00
1.575752093801739973e-01,4.857415783201411985e-01,0.000000000000000000e+00
5.865440591777368873e-01,4.610891280823923299e-01,0.000000000000000000e+00
4.570549531303427226e-01,8.784766089827329427e-01,1.000000000000000000e+00
7.217536355154274830e-01,5.004784472986691934e-01,0.000000000000000000e+00
5.770510869549053679e-01,8.191959719901849013e-01,1.000000000000000000e+00
4.612267004386677027e-01,8.173261860069246376e-01,1.000000000000000000e+00
7.141678103244533116e-01,2.934148244030801989e-01,1.000000000000000000e+00
9.303882527575150219e-01,2.129304959694019450e-01,0.000000000000000000e+00
7.756737792969416179e-02,1.344881457049877660e-01,1.000000000000000000e+00
3.227066691038928958e-01,3.407374651050236736e-01,1.000000000000000000e+00
1.446069728836958390e-01,6.235466674544108967e-01,0.000000000000000000e+00
3.467721854004763848e-01,6.427273855575629247e-01,0.000000000000000000e+00
4.852428581878650560e-01,5.032580095688308219e-01,1.000000000000000000e+00
3.889146662503543683e-01,6.277412632306067497e-01,1.000000000000000000e+00
3.957945155337303511e-01,8.934851270277007762e-01,0.000000000000000000e+00
5.466134029614031498e-01,1.210747669557204684e-02,1.000000000000000000e+00
6.311942364370356495e-01,1.470601790651145935e-01,0.000000000000000000e+00
6.344406429751302534e-01,9.808311481496317930e-01,0.000000000000000000e+00
2.996481694003232388e-01,4.184893051646454420e-01,0.000000000000000000e+00
8.267756418996676793e-01,2.598103031716689215e-01,1.000000000000000000e+00
5.251080475430554007e-01,8.596806047874381781e-03,1.000000000000000000e+00
2.353286716365223519e-01,1.150687095216273818e-02,1.000000000000000000e+00
1.454235565299084043e-01,2.007963337462526088e-01,1.000000000000000000e+00
1.732899228242877621e-01,7.413237981752115839e-03,1.000000000000000000e+00
2.042322246201707936e-01,3.723559677680942093e-01,1.000000000000000000e+00
2.976157826853874644e-01,1.131887918093292013e-02,1.000000000000000000e+00
9.664175066046042373e-01,4.258193262498158882e-01,0.000000000000000000e+00
6.179220158527259921e-01,1.365585990292155771e-01,1.000000000000000000e+00
7.373238135226212187e-01,2.593690487487819163e-01,1.000000000000000000e+00
3.641859968817593440e-01,8.666230106935360888e-01,0.000000000000000000e+00
1.780947313689438261e-01,1.975903705335019245e-01,0.000000000000000000e+00
9.420111061419873533e-01,7.536619892375306939e-02,0.000000000000000000e+00
1.576734259910244490e-02,3.961937405298345677e-03,1.000000000000000000e+00
1.285476525877013998e-01,1.167179170283454415e-01,0.000000000000000000e+00
9.859609332137612148e-01,1.636428966129472445e-02,1.000000000000000000e+00
5.632677472570898347e-01,1.581400641679457930e-01,0.000000000000000000e+00
3.128435260858304368e-01,7.384231983501798879e-03,0.000000000000000000e+00
2.428105731371745790e-01,4.749343064444784268e-01,1.000000000000000000e+00
2.686757561942301198e-01,1.300292905141590960e-02,1.000000000000000000e+00
3.249821501258444711e-01,5.582564120407358388e-01,1.000000000000000000e+00
3.556760520309039109e-01,2.703708893376984834e-01,0.000000000000000000e+00
6.053069990540715928e-01,6.996112744807987394e-01,1.000000000000000000e+00
6.576812999048693431e-01,6.624020722248100679e-01,1.000000000000000000e+00
6.588639944578599250e-01,4.112176162644335525e-02,1.000000000000000000e+00
5.570451721340621831e-02,1.090901439901591219e-01,1.000000000000000000e+00
3.455272641641581322e-01,1.636913680548366667e-01,1.000000000000000000e+00
7.944790615010152157e-01,2.612967913185382240e-01,0.000000000000000000e+00
5.945508950181400687e-01,1.608444838123823661e-01,1.000000000000000000e+00
2.794360282613849167e-01,4.037396915046482793e-01,1.000000000000000000e+00
3.785414610106148103e-01,7.689387027443040923e-01,0.000000000000000000e+00
6.993182987439804377e-01,3.173877278502477139e-01,1.000000000000000000e+00
6.992724238980394524e-01,5.752867202341708230e-01,1.000000000000000000e+00
9.142400632435334629e-01,4.907868931912826582e-01,0.000000000000000000e+00
9.804227373347721430e-01,6.150910453053606286e-01,0.000000000000000000e+00
7.926653282789202226e-01,1.515652642013237336e-02,1.000000000000000000e+00
4.245281258470965380e-01,8.250038025935498842e-01,0.000000000000000000e+00
8.012837852028071861e-01,3.726242266501065825e-01,1.000000000000000000e+00
7.669369583215359665e-01,4.451642074332762267e-01,0.000000000000000000e+00
2.921848680029653922e-01,9.310000225631752668e-01,0.000000000000000000e+00
3.926198658285091070e-01,6.288481201338863569e-01,1.000000000000000000e+00
3.266316875276361609e-01,5.880696153959108496e-01,1.000000000000000000e+00
3.527817534497288410e-01,5.414078877202904705e-01,0.000000000000000000e+00
2.719328039987645163e-01,5.107969549855015945e-01,0.000000000000000000e+00
6.089836452481399709e-01,1.336727929426249351e-01,1.000000000000000000e+00
5.916174945907630711e-01,6.716183376363882296e-02,0.000000000000000000e+00
2.295963057903667170e-01,3.647595400838171686e-01,0.000000000000000000e+00
8.289851046163491111e-01,5.208101303349556011e-01,0.000000000000000000e+00
8.668863532082859980e-01,3.730434811545826346e-01,0.000000000000000000e+00
5.767597508355118974e-01,1.342012009849590515e-01,1.000000000000000000e+00
7.327355660410868055e-01,4.397816525223179895e-01,1.000000000000000000e+00
7.672274471276365748e-01,1.286768780462401590e-02,1.000000000000000000e+00
7.190039469768801927e-01,4.020127802622270458e-02,1.000000000000000000e+00
7.976885849765075198e-01,3.262912542008966632e-02,0.000000000000000000e+00
3.438286853473623284e-01,6.571350324907548890e-01,1.000000000000000000e+00
5.729883290795682038e-01,6.347501276501628098e-01,1.000000000000000000e+00
4.004724411510335313e-01,4.102343892662858177e-02,1.000000000000000000e+00
1.753354457095805952e-01,3.038142329105446571e-01,0.000000000000000000e+00
2.027208249189257905e-01,2.602766373044860249e-01,1.000000000000000000e+00
4.177768691433334514e-01,6.206827085830078916e-01,1.000000000000000000e+00
4.332988903623178900e-01,6.045513538630395978e-01,1.000000000000000000e+00
6.065455640649137781e-01,6.963157603851478639e-01,1.000000000000000000e+00
3.288570090008469116e-01,2.522433074534959352e-01,1.000000000000000000e+00
3.003158660682965220e-01,5.070582356450217265e-01,1.000000000000000000e+00
5.965409477033034591e-02,8.823565694878399146e-01,0.000000000000000000e+00
4.630347721295024477e-01,3.411361247120147516e-02,1.000000000000000000e+00
4.192354992562331573e-01,7.554198183244715814e-01,1.000000000000000000e+00
8.938503772994241814e-01,2.595256198100215350e-02,0.000000000000000000e+00
6.904225949443117960e-01,4.746625962484705141e-01,0.000000000000000000e+00
9.105720429548369577e-01,4.912097337053305396e-02,1.000000000000000000e+00
4.161234673934725015e-01,1.872510241135436626e-01,0.000000000000000000e+00
7.312875446819986358e-01,4.361310705497922768e-01,1.000000000000000000e+00
5.826474543987462118e-01,8.045683247875836663e-01,1.000000000000000000e+00
4.520184026706930425e-01,7.454996981928038724e-02,1.000000000000000000e+00
4.983892927210002988e-01,4.082680099687175934e-01,0.000000000000000000e+00
5.034652029137742790e-01,2.944374729284339187e-01,0.000000000000000000e+00
4.001261158800218931e-01,1.476971600523672157e-01,0.000000000000000000e+00
4.052493358033270598e-01,3.962663445840440557e-02,1.000000000000000000e+00
5.793929824710956078e-01,9.682704210240777876e-01,0.000000000000000000e+00
3.894520236702192495e-01,6.243225247427079960e-01,1.000000000000000000e+00
5.649542886663192487e-01,6.065040708080212672e-01,1.000000000000000000e+00
3.225813369699014332e-01,5.054668488230698031e-01,1.000000000000000000e+00
8.196101604224614867e-01,1.144294791040234571e-01,0.000000000000000000e+00
5.479757457499792039e-01,7.051587050426402770e-02,1.000000000000000000e+00
7.176648601680218897e-01,3.461373808808806407e-01,0.000000000000000000e+00
4.171559574110820234e-01,5.683722545598535181e-01,1.000000000000000000e+00
5.324329831119163359e-01,7.483216714551095272e-01,0.000000000000000000e+00
4.106339017486355658e-01,6.998219134558797405e-01,0.000000000000000000e+00
7.831620397711829273e-01,8.362620627661395689e-01,0.000000000000000000e+00
2.355373569307575854e-01,3.840389798623181083e-01,1.000000000000000000e+00
2.984847234116433379e-01,3.775861876960236452e-01,1.000000000000000000e+00
8.815272270106719876e-01,2.282873849058496829e-01,1.000000000000000000e+00
9.716132417518967834e-01,4.135483820102334174e-02,1.000000000000000000e+00
8.910181317475640572e-02,5.312488259689065462e-01,0.000000000000000000e+00
4.156546358416923770e-01,3.132787336478783935e-01,0.000000000000000000e+00
4.371055455264541978e-01,2.068023460869098384e-01,0.000000000000000000e+00
7.752786921917228513e-01,2.495245026974618752e-01,1.000000000000000000e+00
2.789394003531314725e-01,3.766981889004753503e-01,0.000000000000000000e+00
9.451446386743577177e-01,4.810610318744612535e-01,0.000000000000000000e+00
2.664698543197709379e-01,2.567793103399670929e-01,1.000000000000000000e+00
8.982799451019560788e-01,5.801394905319290363e-02,0.000000000000000000e+00
4.695536921387427620e-01,9.125058005110122661e-01,1.000000000000000000e+00
5.578000181159054049e-01,4.278361243947333969e-01,0.000000000000000000e+00
9.174480249987859715e-01,7.671696449245736515e-02,1.000000000000000000e+00
2.376674311816207030e-02,4.527579282325111532e-01,0.000000000000000000e+00
5.300209102671598060e-01,3.940621978897013156e-02,1.000000000000000000e+00
4.193272128499108686e-01,8.229865961248495898e-01,1.000000000000000000e+00
5.985965630981210372e-01,7.810165646191935540e-01,1.000000000000000000e+00
6.342857220047388722e-01,9.119881022368487855e-01,0.000000000000000000e+00
7.024476599327343918e-01,2.623460286707433031e-01,1.000000000000000000e+00
3.007379410907788375e-01,2.570398844212238298e-01,1.000000000000000000e+00
4.826212244363942139e-01,8.365532479141278843e-01,0.000000000000000000e+00
5.813387871245261351e-01,6.236729486287535540e-01,1.000000000000000000e+00
8.997053148459206451e-01,4.886314207547024502e-01,0.000000000000000000e+00
8.331411195379236911e-01,1.280426075376089323e-01,1.000000000000000000e+00
5.026540542967707914e-01,9.714751789562261486e-01,1.000000000000000000e+00
4.636425548803045915e-01,8.618345305487282726e-01,0.000000000000000000e+00
3.821062586789610860e-01,5.003172508552027331e-01,1.000000000000000000e+00
1.573217024697014521e-01,8.410110315758650978e-01,0.000000000000000000e+00
5.041027738229243438e-01,9.767044047321071787e-01,1.000000000000000000e+00
5.728622410416615018e-01,8.130844649207342734e-01,1.000000000000000000e+00
7.445625078938880037e-01,9.554839419369309805e-02,0.000000000000000000e+00
4.156591701769083991e-01,5.035546366273375707e-01,1.000000000000000000e+00
4.977296734043124005e-01,5.631914536620168388e-01,0.000000000000000000e+00
7.102982749532914530e-01,3.268267775024896737e-02,1.000000000000000000e+00
2.935597192598975447e-01,3.215503455632101604e-01,1.000000000000000000e+00
8.074639236011087462e-01,9.870314849217988462e-02,1.000000000000000000e+00
5.776637633445874664e-01,2.886841871435006368e-01,0.000000000000000000e+00
4.024781683596802551e-01,6.602392268851542401e-01,1.000000000000000000e+00
9.473691733269669069e-01,5.373862689376568413e-01,0.000000000000000000e+00
4.584367279808471696e-01,5.053744966116828774e-01,1.000000000000000000e+00
9.624308010923654511e-02,4.329857622453466837e-01,0.000000000000000000e+00
9.033351938033943318e-01,8.959065308144056328e-01,0.000000000000000000e+00
9.220560914673875397e-01,8.786562284343023554e-01,0.000000000000000000e+00
7.074872150171547247e-01,5.718451182652223297e-01,1.000000000000000000e+00
3.837604486578209406e-01,6.238962284316034168e-01,1.000000000000000000e+00
3.610745732591695845e-01,5.123652959817760234e-03,1.000000000000000000e+00
5.751649140141665839e-01,1.011800070467248555e-02,1.000000000000000000e+00
1.513716548030950015e-01,2.926324746394864396e-01,1.000000000000000000e+00
6.576821470329164976e-01,5.436489851550310171e-01,1.000000000000000000e+00
8.318561817635038436e-01,7.286665151422963005e-01,0.000000000000000000e+00
5.789885153867143641e-01,4.341235038036682647e-01,0.000000000000000000e+00
8.397831009210290909e-02,7.124243750620334707e-03,1.000000000000000000e+00
3.809894128714620409e-01,9.359401338567510109e-01,0.000000000000000000e+00
3.111798919007142672e-01,7.210676569932262803e-01,0.000000000000000000e+00
9.482293559352280576e-01,4.521057062212808786e-01,0.000000000000000000e+00
6.811580392212968071e-02,6.833636201374079788e-02,1.000000000000000000e+00
8.941924571895510931e-01,3.892063013089085421e-01,0.000000000000000000e+00
3.979374085775316261e-01,3.311336262003460734e-02,1.000000000000000000e+00
6.890114836696491496e-01,1.041332511804527600e-01,1.000000000000000000e+00
9.047200828734901501e-01,2.499868684197458224e-01,0.000000000000000000e+00
5.788773472506445472e-01,5.057187161540215303e-01,1.000000000000000000e+00
2.795596835051894491e-02,4.782251050440445850e-01,0.000000000000000000e+00
3.181425822623906718e-01,1.055596554489290906e-01,0.000000000000000000e+00
9.116583592642595324e-01,4.690368702503504988e-02,1.000000000000000000e+00
2.118758089549631074e-01,3.147154424751254509e-01,1.000000000000000000e+00
6.946984283058771359e-01,5.974683104685221124e-01,1.000000000000000000e+00
1.761473660827215237e-01,5.738447292187051074e-01,0.000000000000000000e+00
3.838623416667154009e-01,8.346923607539569190e-02,0.000000000000000000e+00
7.906372462807164103e-01,3.760897589841810107e-01,1.000000000000000000e+00
4.185549485183614471e-01,7.131534611740956639e-03,1.000000000000000000e+00
2.654816393465230240e-01,7.621738510916440390e-01,0.000000000000000000e+00
9.487676630957128099e-01,9.163813599543425142e-03,1.000000000000000000e+00
1.645731813255187914e-01,1.351893600965266562e-01,1.000000000000000000e+00
2.553490519739192166e-01,8.356706772464538302e-01,0.000000000000000000e+00
6.937610045602261577e-01,5.243824397901248879e-01,0.000000000000000000e+00
8.743529100523257380e-01,3.906749433064140575e-01,0.000000000000000000e+00
5.310191982913474718e-01,3.677353259874383690e-02,1.000000000000000000e+00
4.512492723850591858e-01,6.291225179642999377e-02,1.000000000000000000e+00
8.799368435872544358e-01,2.342280854548593472e-01,1.000000000000000000e+00
1.063343651028415549e-01,9.350958003946695518e-01,0.000000000000000000e+00
8.859022176815289917e-01,2.404893495613710241e-01,0.000000000000000000e+00
6.509549542840474823e-01,3.754851156695350189e-01,0.000000000000000000e+00
5.707227147810227663e-01,5.879109945600009546e-01,1.000000000000000000e+00
2.350941034793056772e-01,3.891448130651716242e-01,1.000000000000000000e+00
6.802600763932655781e-01,6.220206252514435263e-01,1.000000000000000000e+00
5.634603344807268543e-01,9.824927715058769939e-01,0.000000000000000000e+00
7.418924355198590614e-01,5.457792590957366574e-02,0.000000000000000000e+00
9.739485000312421148e-01,1.219434143873932008e-03,0.000000000000000000e+00
6.694193955105562921e-01,6.266777543435104736e-01,1.000000000000000000e+00
4.658874131229362447e-01,3.306291299209694612e-02,1.000000000000000000e+00
1.721358241935633249e-01,3.871780696894000506e-02,0.000000000000000000e+00
1.964559787166542115e-02,2.676148675396773369e-01,0.000000000000000000e+00
5.753350618936702299e-01,7.414296746756332546e-02,1.000000000000000000e+00
6.707543655905998659e-01,6.439581534092396753e-01,1.000000000000000000e+00
1.014774144917534870e-01,1.274032888042669343e-01,1.000000000000000000e+00
6.156757451961245575e-01,5.653892001371052523e-01,0.000000000000000000e+00
4.769652561534380442e-01,1.485777679947454522e-02,1.000000000000000000e+00
3.637959628321900674e-01,7.787601761099793851e-01,0.000000000000000000e+00
4.346821423655729544e-01,9.448272850679782786e-02,1.000000000000000000e+00
5.641092957788891304e-01,6.080829780800993678e-01,0.000000000000000000e+00
6.376143814361123763e-02,7.129859536625386962e-01,0.000000000000000000e+00
6.208244424731043098e-01,5.067155531469539342e-01,0.000000000000000000e+00
1.938107927753993653e-01,4.557056040815902209e-01,0.000000000000000000e+00
3.816202710191954894e-01,1.995518958523735398e-01,0.000000000000000000e+00
1.461999076184507529e-01,1.277167804102311011e-01,1.000000000000000000e+00
3.816383421870036541e-01,7.534847608316891376e-01,1.000000000000000000e+00
4.620841706126222470e-01,5.402824383218097770e-01,1.000000000000000000e+00
2.956351295120637768e-01,5.621580711235651950e-01,1.000000000000000000e+00
8.910327330784205691e-01,1.272495779664921667e-01,0.000000000000000000e+00
1.624222454380340741e-01,6.695346016788190635e-01,0.000000000000000000e+00
9.216244728116980145e-01,6.885316859105551635e-02,1.000000000000000000e+00
2.099898017306879930e-02,1.233916126167913796e-02,1.000000000000000000e+00
3.908469136918538700e-01,6.115654608573881656e-01,0.000000000000000000e+00
5.902403606613866316e-01,5.431955323186432594e-01,1.000000000000000000e+00
3.782027658518692936e-01,2.251136841790886134e-01,0.000000000000000000e+00
8.911737423859110718e-01,1.419188270434127430e-01,1.000000000000000000e+00
5.528364506520210275e-01,5.655154140303131349e-01,1.000000000000000000e+00
7.327526387036472633e-01,5.598550889677226736e-03,1.000000000000000000e+00
6.636298623379988104e-02,9.874898984809555857e-01,0.000000000000000000e+00
1.013739581299333281e-02,5.705131448979937625e-01,0.000000000000000000e+00
8.915165459969409678e-02,1.000005561645126440e-01,0.000000000000000000e+00
7.788399240659984457e-01,8.149758969823844845e-01,0.000000000000000000e+00
5.656045054159056784e-01,1.257046445896673470e-01,0.000000000000000000e+00
4.272763316889049978e-02,3.474728082776956661e-01,0.000000000000000000e+00
5.529504580786787082e-01,1.593277809334171791e-02,1.000000000000000000e+00
4.194721098675614490e-01,4.885040809103056159e-01,0.000000000000000000e+00
7.048414813648385957e-01,5.656975563111712457e-01,1.000000000000000000e+00
3.869155787839083649e-01,5.653169072084167635e-01,0.000000000000000000e+00
4.268870653229225320e-01,9.384568222550919714e-01,0.000000000000000000e+00
5.415052956195417488e-01,5.359765822511841638e-01,1.000000000000000000e+00
4.792160161398949514e-01,9.415798284629114390e-01,1.000000000000000000e+00
4.570933260397425091e-01,7.449185722036503199e-01,1.000000000000000000e+00
5.776826622778107323e-01,1.523940973336371796e-01,0.000000000000000000e+00
1.694492179762582817e-01,3.249628566915910843e-01,1.000000000000000000e+00
3.538840691123882332e-01,9.786196236363093881e-01,0.000000000000000000e+00
4.218475254242755046e-01,3.069652826446378491e-01,0.000000000000000000e+00
1.284725274549540219e-01,2.320210386956529924e-01,1.000000000000000000e+00
9.709008837093414668e-01,3.333297929053268271e-01,0.000000000000000000e+00
6.155386705728903562e-01,9.371271753270282723e-01,0.000000000000000000e+00
3.346608610476167200e-01,6.351105714603946240e-01,1.000000000000000000e+00
3.206744731485700051e-01,3.242272103805423078e-01,1.000000000000000000e+00
7.491157853421016588e-01,4.840646967710190429e-01,0.000000000000000000e+00
5.389392638307257677e-01,5.857030424926623624e-01,0.000000000000000000e+00
7.675682337852073323e-01,8.777152496948988913e-01,0.000000000000000000e+00
2.508371804941790240e-01,1.443269181037062365e-01,0.000000000000000000e+00
7.271618734132768713e-01,9.740589334088368689e-01,0.000000000000000000e+00
6.079237429950821309e-02,9.455336550453016797e-02,1.000000000000000000e+00
2.831102617512506470e-01,9.400955095187819577e-01,0.000000000000000000e+00
6.120305097048990284e-01,6.880728393947234123e-01,1.000000000000000000e+00
4.118479778583263862e-01,5.650937200143668626e-01,1.000000000000000000e+00
8.601476425972557349e-01,8.991868169503399733e-01,0.000000000000000000e+00
5.160108548093215175e-01,7.021466454438762828e-01,0.000000000000000000e+00
3.357297471453692950e-01,7.609427525856747587e-02,1.000000000000000000e+00
2.443721761216648969e-01,9.981855222241937942e-03,1.000000000000000000e+00
7.628694959857792446e-01,3.852550071345034466e-01,1.000000000000000000e+00
4.681715768727555682e-01,4.198469062305677790e-02,1.000000000000000000e+00
3.980408869983580455e-01,7.974477808336476459e-01,0.000000000000000000e+00
6.369813367371733870e-01,8.358440742208191887e-01,0.000000000000000000e+00
3.915698153570756901e-02,4.966964456456379740e-02,0.000000000000000000e+00
6.888535310795067534e-01,1.557130033514486644e-01,0.000000000000000000e+00
7.792577756610705730e-01,4.176180983757927789e-01,1.000000000000000000e+00
2.904736805237007613e-01,2.649868709928296373e-01,1.000000000000000000e+00
6.171029258595038813e-01,2.601764091209601837e-03,0.000000000000000000e+00
6.381250300877661097e-02,3.507689947964132138e-01,0.000000000000000000e+00
4.210007501251105122e-01,7.518553705636678020e-01,1.000000000000000000e+00
7.762217554464346803e-01,9.269713119141820279e-02,0.000000000000000000e+00
5.968790410422494253e-01,3.896437936025078930e-01,0.000000000000000000e+00
8.584826515739730768e-01,8.054634638370210542e-01,0.000000000000000000e+00
2.004360336069299642e-01,6.961327279221443676e-02,1.000000000000000000e+00
2.847381068531755210e-01,4.443611986055347879e-02,1.000000000000000000e+00
4.053902974194021347e-01,3.624183866265485998e-02,1.000000000000000000e+00
4.018175940282575631e-02,2.087125916604426479e-03,0.000000000000000000e+00
6.406244638793470170e-01,5.019635916611093762e-01,1.000000000000000000e+00
5.368414799014585848e-01,5.381608265049794282e-01,0.000000000000000000e+00
9.034653599072771657e-01,9.023951888460552961e-01,0.000000000000000000e+00
8.849497318217995900e-01,8.393634420767953630e-01,0.000000000000000000e+00
3.832636403575317430e-01,1.131250298564721521e-02,1.000000000000000000e+00
5.956764195157520092e-01,6.580939676946592209e-01,1.000000000000000000e+00
7.211997114803557762e-01,5.801887624167010316e-01,0.000000000000000000e+00
2.343455633672273108e-01,4.613124977736033916e-01,1.000000000000000000e+00
4.823396009801296236e-01,2.731376529023149535e-01,0.000000000000000000e+00
8.668391286541514695e-01,2.613422548515191846e-01,1.000000000000000000e+00
6.903126218589792362e-01,1.064190395300008141e-01,1.000000000000000000e+00
9.051163865848542711e-01,2.620147215559696097e-01,0.000000000000000000e+00
1.161628801271605838e-01,9.581284642738916446e-01,0.000000000000000000e+00
