3.554836935430496503e-01,2.057602537321329694e-01,1.000000000000000000e+00
2.928548944747323413e-01,6.737324157456026086e-02,0.000000000000000000e+00
2.302197671027637060e-01,6.911894228947872421e-01,0.000000000000000000e+00
9.076211538867291484e-01,2.291321744376954017e-01,0.000000000000000000e+00
4.058704560157418428e-01,6.568621591785924752e-01,1.000000000000000000e+00
5.155698128345032050e-01,3.090935815577725565e-01,0.000000000000000000e+00
7.665839585306061243e-01,9.183150026237382191e-01,0.000000000000000000e+00
4.406073382078793399e-01,1.152893292283179855e-01,1.000000000000000000e+00
1.247284312866260292e-01,7.494685731199137724e-01,0.000000000000000000e+00
8.847677976925587551e-01,4.400159401621697164e-01,0.000000000000000000e+00
3.160275737223084969e-01,3.111872238043124073e-01,1.000000000000000000e+00
2.921290134783345316e-01,3.788615859175336609e-01,1.000000000000000000e+00
2.945061659262444564e-01,7.157870367757830643e-02,1.000000000000000000e+00
6.740786204231129508e-01,5.125351144441719908e-01,0.000000000000000000e+00
2.875118302521164626e-01,3.184872843088611960e-01,1.000000000000000000e+00
3.610439949357710510e-01,9.019278527594470213e-03,1.000000000000000000e+00
9.089929052333758364e-01,9.036010265815641596e-01,0.000000000000000000e+00
5.461364322080668465e-01,4.745219187987291809e-01,0.000000000000000000e+00
6.103698473307103134e-01,7.579758401017161473e-01,1.000000000000000000e+00
5.440787567146241344e-01,5.070145040130120684e-01,1.000000000000000000e+00
9.285682393277446822e-01,7.487250174572075700e-02,1.000000000000000000e+00
6.766589156110192071e-01,3.069714287571634337e-01,0.000000000000000000e+00
9.841874478259133863e-01,8.911247534034865553e-03,1.000000000000000000e+00
5.921270135607602514e-01,7.777854230371665789e-01,1.000000000000000000e+00
8.478941328154376844e-02,2.579120041507233507e-01,0.000000000000000000e+00
2.005271822302423512e-01,3.251895634886885489e-01,0.000000000000000000e+00
7.070562562628570635e-01,2.542635636258335219e-01,1.000000000000000000e+00
6.637859473139506861e-02,5.705643241811402255e-01,0.000000000000000000e+00
9.811665219767575774e-01,3.896547368806739797e-01,0.000000000000000000e+00
1.952596234802695951e-01,1.246635595247533868e-01,0.000000000000000000e+00
3.619415829501763104e-01,3.812596639288770017e-01,0.000000000000000000e+00
6.811101876317424697e-01,3.527461182499908032e-01,1.000000000000000000e+00
3.276950436964169988e-01,1.272936045184395182e-01,0.000000000000000000e+00
1.822416611228051542e-01,3.187454779938770355e-01,1.000000000000000000e+00
4.366981483032887912e-01,7.165619229830875181e-01,0.000000000000000000e+00
2.301399674382831606e-01,2.800552130923816274e-01,1.000000000000000000e+00
6.651782106843938669e-01,1.477890996054294186e-02,1.000000000000000000e+00
5.162578961485974061e-01,9.419901957116160185e-01,1.000000000000000000e+00
9.381978362628731194e-01,4.742888851355425706e-01,0.000000000000000000e+00
4.536630590917548611e-01,8.711240431299209774e-01,1.000000000000000000e+00
6.665223962430754101e-01,1.073653669744836434e-02,1.000000000000000000e+00
4.355286406362445240e-01,1.958476245991177533e-01,0.000000000000000000e+00
6.378358434059134829e-01,5.079473591174250569e-01,1.000000000000000000e+00
7.453281936474145941e-02,7.346508735534998391e-02,1.000000000000000000e+00
9.532098841791464272e-01,7.064210337337231693e-02,1.000000000000000000e+00
2.344976988407668772e-01,2.287249566590301431e-01,0.000000000000000000e+00
4.472337078403346711e-01,2.757854110788142670e-03,1.000000000000000000e+00
7.325575711858399730e-01,1.247642199473725406e-02,1.000000000000000000e+00
8.129483308557318155e-01,9.678545808068317324e-02,1.000000000000000000e+00
2.396048442722337191e-01,4.303589972007290099e-01,0.000000000000000000e+00
3.764706132796094007e-01,2.211573397210974123e-01,1.000000000000000000e+00
2.359193297738584050e-01,3.892198957070404086e-01,1.000000000000000000e+00
6.596116036479001687e-01,8.720918758518825253e-02,0.000000000000000000e+00
2.731033935814978220e-01,4.038544973623262591e-01,0.000000000000000000e+00
2.159827864407903864e-01,9.048189615073575220e-01,0.000000000000000000e+00
6.394707588337683601e-01,6.342240358719200000e-01,1.000000000000000000e+00
6.683928903844807978e-01,3.185265264574396737e-01,1.000000000000000000e+00
8.640503437495399286e-01,1.821739088667683193e-01,0.000000000000000000e+00
2.934510649990071940e-01,6.535904035889433805e-02,1.000000000000000000e+00
4.499017246129746739e-02,7.172820435421872753e-02,1.000000000000000000e+00
5.524333534754998221e-01,5.094659283671021388e-02,0.000000000000000000e+00
5.739848129775787511e-01,2.517472342433904053e-01,0.000000000000000000e+00
6.059135412411037480e-01,1.730837498437803879e-01,0.000000000000000000e+00
9.505613482878173537e-01,8.077804360403581518e-02,1.000000000000000000e+00
6.108871410101963662e-01,2.507374343702642450e-02,1.000000000000000000e+00
1.273350765758021752e-01,3.912351967516448578e-03,1.000000000000000000e+00
3.508712991417926030e-01,6.946535256314279039e-01,1.000000000000000000e+00
3.884235815215512089e-01,4.022839945807269446e-01,0.000000000000000000e+00
3.518908216232812802e-01,5.272725862878527847e-01,1.000000000000000000e+00
9.866460146733965209e-01,1.058481850650319113e-02,1.000000000000000000e+00
1.320457500427205666e-01,5.999604790400021592e-01,0.000000000000000000e+00
7.905684252556615110e-01,9.146295215982904736e-01,0.000000000000000000e+00
1.683768341082225728e-02,3.745680175243474297e-01,0.000000000000000000e+00
7.306242980942997400e-01,6.538838257107189023e-01,0.000000000000000000e+00
7.058064041202825045e-01,3.290625321921287760e-01,0.000000000000000000e+00
7.580471809130440164e-02,3.455592008805723481e-01,0.000000000000000000e+00
1.178645078292178683e-01,9.492255869450805239e-02,0.000000000000000000e+00
6.812223316408567708e-01,5.037405953123750280e-01,1.000000000000000000e+00
7.242402173553181832e-01,5.032051481363490897e-01,0.000000000000000000e+00
1.730439482777459403e-01,8.946796253609756722e-02,0.000000000000000000e+00
7.719543949101710378e-01,7.314100099990052950e-01,0.000000000000000000e+00
4.262569552416061169e-01,3.484312637014973513e-01,0.000000000000000000e+00
3.056912972204623991e-01,5.416021609751431320e-02,0.000000000000000000e+00
9.749081129187151529e-01,1.524820599336224047e-01,0.000000000000000000e+00
9.373051584501128353e-02,1.661886549118569700e-01,1.000000000000000000e+00
4.228400009606791965e-02,6.772777166446024566e-01,0.000000000000000000e+00
9.278074257766318889e-01,7.214417858005274520e-02,1.000000000000000000e+00
7.960488763830904091e-01,1.937982661274605389e-01,0.000000000000000000e+00
7.185641039627838067e-01,3.383055587574602674e-01,0.000000000000000000e+00
5.783345365574420471e-01,5.083130435977195605e-01,1.000000000000000000e+00
7.302609205847494511e-01,3.845452570019009531e-01,1.000000000000000000e+00
5.960334799052298127e-01,6.795106355119673314e-02,0.000000000000000000e+00
6.794633755950389986e-01,4.415000124442946920e-03,1.000000000000000000e+00
1.342762220822503183e-01,9.822624781665012517e-02,0.000000000000000000e+00
2.230845923755184201e-01,2.941021599436478007e-01,1.000000000000000000e+00
6.714182717105512399e-01,3.097804038148319616e-01,1.000000000000000000e+00
1.602772258673358374e-01,4.477273238596135574e-01,0.000000000000000000e+00
6.685787865503413085e-01,3.144446101803485272e-01,0.000000000000000000e+00
2.711428808812004765e-01,1.268732787699024603e-02,1.000000000000000000e+00
4.319570518683094607e-01,2.676268214697058445e-01,0.000000000000000000e+00
3.103674732511737533e-01,3.300857378113368767e-01,0.000000000000000000e+00
2.393977443752356438e-01,2.500916532463059450e-01,1.000000000000000000e+00
6.390755098938256662e-01,5.149680176431001843e-01,1.000000000000000000e+00
3.240182302001868297e-01,7.929059269180703806e-01,0.000000000000000000e+00
5.816332220342916859e-01,5.845265908634134089e-02,0.000000000000000000e+00
6.532023529579416010e-01,6.177169851558607094e-01,0.000000000000000000e+00
6.009451623959513045e-01,2.909215334811423581e-01,0.000000000000000000e+00
6.750673633970212251e-01,3.446066207042953189e-01,1.000000000000000000e+00
9.556593334904155412e-01,7.106408976971481661e-02,1.000000000000000000e+00
3.466228890894016423e-01,2.911484995111749408e-01,1.000000000000000000e+00
1.144675365508496523e-01,2.222127548701910427e-01,1.000000000000000000e+00
5.842600299524038920e-01,7.136789890721317864e-02,1.000000000000000000e+00
5.278145528096669370e-01,1.931237247217362230e-01,0.000000000000000000e+00
7.322598159036036725e-01,8.674402872541188136e-01,0.000000000000000000e+00
6.409301672421614526e-01,3.627207017471640871e-01,0.000000000000000000e+00
6.104685867959422918e-01,6.361016241456873832e-01,1.000000000000000000e+00
9.290596278444772649e-01,7.818554701101401161e-01,0.000000000000000000e+00
6.541149475872547470e-01,6.943224024913313697e-01,0.000000000000000000e+00
5.216317211921054353e-01,7.556757588828677541e-01,0.000000000000000000e+00
6.466154058500456214e-01,9.702107767693061158e-01,0.000000000000000000e+00
1.696423356284693096e-02,9.125983460423451321e-01,0.000000000000000000e+00
9.547863570412902234e-01,1.054986533813844461e-02,1.000000000000000000e+00
7.037642927123713976e-01,5.064509027682527753e-01,1.000000000000000000e+00
2.265897800677270091e-01,7.658966952914096904e-01,0.000000000000000000e+00
7.638491397583742071e-01,1.420851073477667065e-02,1.000000000000000000e+00
5.369878239276131282e-01,7.046905011266568764e-01,0.000000000000000000e+00
4.494834529030318215e-01,3.839989574047001364e-01,0.000000000000000000e+00
4.228803535885395926e-01,5.680816451299027792e-01,1.000000000000000000e+00
5.653595271182925153e-01,6.198328108265821479e-01,0.000000000000000000e+00
2.035965636287767888e-01,3.163648154109232613e-01,1.000000000000000000e+00
7.047178892372836234e-01,6.237788143181696165e-01,0.000000000000000000e+00
4.161197941137728673e-01,9.432533281953049409e-01,0.000000000000000000e+00
4.291528752792751478e-01,1.343549998642281085e-01,1.000000000000000000e+00
5.231003745237767788e-01,9.426332178227637693e-01,0.000000000000000000e+00
6.502451790504846230e-01,1.330722655345024930e-01,1.000000000000000000e+00
1.788633856810550316e-01,2.629973036636407135e-01,1.000000000000000000e+00
2.315007567661433452e-01,9.170288792230274488e-02,0.000000000000000000e+00
1.604836666824986935e-01,4.927077639177045443e-01,0.000000000000000000e+00
4.227017449687171524e-01,5.669280029768029028e-01,1.000000000000000000e+00
8.949606473763193071e-01,3.476615995842942120e-01,0.000000000000000000e+00
2.678073641647695791e-01,1.117785967207546305e-01,0.000000000000000000e+00
2.115931898186180771e-01,7.166523741522657920e-01,0.000000000000000000e+00
5.827775317756552775e-01,1.742098358615689069e-01,0.000000000000000000e+00
1.323157117174420527e-01,1.499469004317632859e-02,0.000000000000000000e+00
7.750912093241901779e-01,8.382505458185423031e-01,0.000000000000000000e+00
9.480001944839223649e-01,9.730055657309988337e-02,0.000000000000000000e+00
6.064461521623485396e-01,5.123005408779310876e-01,1.000000000000000000e+00
3.374490920240500597e-02,4.184121253929816431e-02,1.000000000000000000e+00
9.423925000716817379e-01,1.038785678118932798e-01,1.000000000000000000e+00
6.997209968389813683e-01,3.148518901754330801e-01,1.000000000000000000e+00
5.609122139223798875e-01,2.059041533449427197e-01,0.000000000000000000e+00
7.144570515984407511e-01,3.276705388346782405e-02,1.000000000000000000e+00
9.617651704446643635e-01,1.654075731241253511e-01,0.000000000000000000e+00
5.029460385708305337e-01,3.359992615699927132e-01,0.000000000000000000e+00
6.874487550554555515e-01,5.958690797291957830e-01,1.000000000000000000e+00
2.807688276128565419e-01,4.059592247728169290e-01,1.000000000000000000e+00
3.979340814140642779e-01,5.085865086820487990e-01,1.000000000000000000e+00
3.116165229644978218e-01,6.592675505263101421e-03,0.000000000000000000e+00
7.608961137230518812e-02,7.678104770593118245e-01,0.000000000000000000e+00
9.485702880881192733e-01,6.525985135900461698e-01,0.000000000000000000e+00
7.836249655117599744e-01,7.648237165574207630e-01,0.000000000000000000e+00
2.701950506665722340e-01,1.104891600391362250e-01,0.000000000000000000e+00
8.843554106861100106e-01,4.939389462887917581e-01,0.000000000000000000e+00
4.559253567110318484e-01,6.743167626052511965e-01,0.000000000000000000e+00
4.005033802335608573e-01,1.864493928404178935e-01,1.000000000000000000e+00
1.533365931080112321e-01,1.702089256920113480e-01,1.000000000000000000e+00
8.840580694633964898e-02,1.607916117846795723e-01,1.000000000000000000e+00
6.876570765475817915e-01,1.077321960142152979e-01,1.000000000000000000e+00
3.732472747303124949e-01,9.385414747317742945e-01,0.000000000000000000e+00
2.042095338058335097e-01,7.146728728916361406e-02,1.000000000000000000e+00
5.141653326700682536e-01,7.527445343110685805e-01,1.000000000000000000e+00
3.376660412101500919e-01,2.565180448318633011e-01,1.000000000000000000e+00
2.624352147859205786e-01,2.694383042384365656e-01,1.000000000000000000e+00
1.741997298938385563e-01,7.221496414604670899e-02,1.000000000000000000e+00
7.631803476226663996e-01,2.520903845367292173e-01,1.000000000000000000e+00
7.619202284502097910e-01,1.241809039651335933e-01,0.000000000000000000e+00
3.778700755816035706e-01,5.645167956828849309e-01,0.000000000000000000e+00
2.866629090106262989e-01,6.176067997996020909e-01,0.000000000000000000e+00
4.888226078829438492e-03,3.670400406270535321e-03,0.000000000000000000e+00
6.943130438997041631e-01,3.576741893851069776e-01,1.000000000000000000e+00
1.445041200593559783e-01,1.543985587045249019e-01,0.000000000000000000e+00
7.741621638781744918e-01,9.481603811611750698e-01,0.000000000000000000e+00
2.374300853185935534e-01,4.376324316290815530e-01,1.000000000000000000e+00
5.465644807013553264e-01,5.646049112658164670e-01,1.000000000000000000e+00
8.867380431228480964e-01,7.759975696646994985e-03,1.000000000000000000e+00
3.760666272524441078e-01,7.143455659952336889e-01,1.000000000000000000e+00
6.964836351513592483e-02,3.133564506675257100e-01,0.000000000000000000e+00
3.560371560731559470e-01,6.996986728781561249e-01,1.000000000000000000e+00
4.124248833081335941e-01,4.787319462523487862e-02,1.000000000000000000e+00
1.989040231224953326e-01,4.534981517726199840e-01,0.000000000000000000e+00
6.528887076757134977e-01,2.507313832604488035e-01,1.000000000000000000e+00
1.712338040906871695e-01,3.135577979269214555e-01,1.000000000000000000e+00
3.065521044194283729e-01,8.485563537534861894e-03,1.000000000000000000e+00
1.126948655585735537e-01,6.521977911690466367e-01,0.000000000000000000e+00
8.867253547205466990e-02,9.477652313604104650e-01,0.000000000000000000e+00
4.747140118972352774e-01,6.781855135466011708e-01,0.000000000000000000e+00
4.636117238264810814e-01,7.058148722857010560e-02,1.000000000000000000e+00
1.628380815735371856e-01,1.615325132636331040e-01,1.000000000000000000e+00
9.850598757043207421e-01,3.443405690925506191e-01,0.000000000000000000e+00
4.331465816679029857e-01,5.748162455347095579e-01,0.000000000000000000e+00
3.742446513095977201e-01,1.136972232434482200e-01,0.000000000000000000e+00
6.576743723532216812e-01,1.627725837808167986e-01,1.000000000000000000e+00
6.875025949192635766e-01,1.250308590692155164e-01,0.000000000000000000e+00
4.385574333500795730e-01,4.438502209285358768e-01,0.000000000000000000e+00
7.826631989774330833e-01,4.066509622815434599e-01,1.000000000000000000e+00
6.744320528997636011e-01,1.307690536527175151e-01,1.000000000000000000e+00
3.461529010323011191e-01,5.871519689174288237e-01,0.000000000000000000e+00
2.642676486784025225e-01,5.961438983382837294e-03,1.000000000000000000e+00
7.696333862452264807e-01,7.200301869921980069e-01,0.000000000000000000e+00
4.214582272616169134e-01,5.022465576346933913e-01,1.000000000000000000e+00
3.445396688748250114e-01,3.460668741780858343e-02,1.000000000000000000e+00
8.914786248846040539e-02,5.406749678252553704e-02,0.000000000000000000e+00
6.847337854736318397e-01,5.354816322890815217e-01,0.000000000000000000e+00
4.558148848421311738e-01,5.029315283900588351e-01,1.000000000000000000e+00
8.809350619938212112e-01,6.821031277905709178e-01,0.000000000000000000e+00
2.061453250124791747e-01,7.071198619073996161e-01,0.000000000000000000e+00
6.688611304657438028e-02,1.104957188777857258e-01,1.000000000000000000e+00
9.596582066143896084e-01,5.477016393163461894e-01,0.000000000000000000e+00
1.349291528331694190e-01,2.334550279301077502e-01,0.000000000000000000e+00
4.576021657591712311e-01,7.557559793027702755e-01,1.000000000000000000e+00
8.999443507657077790e-01,6.546364547524970989e-01,0.000000000000000000e+00
3.296006742610221307e-01,2.686400941572463230e-01,1.000000000000000000e+00
5.590808732180422291e-01,1.102116047049265801e-01,1.000000000000000000e+00
6.117815345803261362e-01,2.085516098959341313e-01,0.000000000000000000e+00
4.292169229199783720e-01,1.060718076910729391e-01,1.000000000000000000e+00
1.688467319026356050e-01,2.586268015174220114e-01,1.000000000000000000e+00
6.752847238462079682e-01,5.623668174533430486e-01,1.000000000000000000e+00
9.586166505866543508e-01,1.936234611316302034e-01,0.000000000000000000e+00
1.166203264506771031e-01,5.262646362267172639e-01,0.000000000000000000e+00
3.644164911311750243e-01,4.305714675214554754e-01,0.000000000000000000e+00
3.909009547961450615e-01,4.981634510126844440e-01,1.000000000000000000e+00
6.485603877266618023e-01,8.560981454558576065e-01,0.000000000000000000e+00
8.753632601941929714e-01,2.230430998242985963e-01,0.000000000000000000e+00
7.851947583726506252e-01,4.176611983988169907e-01,1.000000000000000000e+00
9.074648855624178889e-02,6.762362612965896469e-01,0.000000000000000000e+00
5.675942860946711632e-02,9.701644863729015633e-02,1.000000000000000000e+00
6.471644579522517482e-01,8.481403762082659892e-01,0.000000000000000000e+00
5.820523096446283962e-01,1.231540021707574518e-02,1.000000000000000000e+00
2.439103067533942015e-01,3.803399793731225831e-01,0.000000000000000000e+00
3.556808304195728243e-01,8.567732027041291077e-04,1.000000000000000000e+00
6.372719641367841081e-01,6.206079282519240126e-01,1.000000000000000000e+00
6.214387026654718538e-01,8.438991881158595110e-01,0.000000000000000000e+00
7.287733269126377422e-01,3.887595819876911163e-01,1.000000000000000000e+00
6.008330222007956384e-02,1.115553139758788392e-01,1.000000000000000000e+00
6.699513101287859485e-01,6.989513579001588317e-02,1.000000000000000000e+00
3.156449096346656824e-01,3.439240979778710461e-01,1.000000000000000000e+00
6.985361524839999170e-01,6.985979876684141887e-01,0.000000000000000000e+00
7.545779880660320460e-01,9.916957971155128115e-01,0.000000000000000000e+00
6.628114961067983479e-01,9.430373255391769627e-01,0.000000000000000000e+00
1.698740529088316187e-01,8.143902472376601809e-02,1.000000000000000000e+00
6.684462949556283506e-01,3.098988304825494589e-01,1.000000000000000000e+00
2.527124045301657462e-01,6.017551173701104483e-01,0.000000000000000000e+00
8.825501334141488963e-01,2.315066741180468735e-01,1.000000000000000000e+00
2.942588930292857619e-01,3.546919433232331720e-02,0.000000000000000000e+00
5.317052896654490546e-01,9.006187224563728666e-01,1.000000000000000000e+00
2.154011301464372474e-01,7.903524885755367491e-01,0.000000000000000000e+00
6.631568622468163587e-01,3.971672531487382973e-02,1.000000000000000000e+00
7.787526593578776302e-01,3.711454363045217641e-02,1.000000000000000000e+00
6.426511759370356902e-02,7.169426154566287401e-01,0.000000000000000000e+00
3.592063904693183485e-01,1.305178623057697551e-01,1.000000000000000000e+00
6.247130372810938415e-01,2.336616274525494807e-01,0.000000000000000000e+00
7.448802625471973027e-01,4.832261128172163911e-01,1.000000000000000000e+00
3.315365594929049475e-01,3.232046916647609569e-01,1.000000000000000000e+00
9.717535859353721994e-01,5.576825658929535773e-02,1.000000000000000000e+00
6.540769132472433744e-01,6.620216696955081304e-01,1.000000000000000000e+00
5.541570606907797458e-01,3.990622938213232995e-01,0.000000000000000000e+00
6.019006375623943139e-01,1.816639335041430048e-01,0.000000000000000000e+00
1.456605144791106587e-01,1.423317600722457388e-01,1.000000000000000000e+00
7.584310679898562668e-01,2.525374843037259676e-01,1.000000000000000000e+00
9.337883709566016099e-01,1.418153365159033896e-01,0.000000000000000000e+00
1.168308663055126345e-01,1.964303211726618204e-01,1.000000000000000000e+00
4.269480317610003239e-01,5.670188901791924918e-01,1.000000000000000000e+00
4.348899311956145874e-01,6.013978909546580098e-01,1.000000000000000000e+00
6.976347114414682693e-01,1.094286507765007688e-02,0.000000000000000000e+00
1.685420987105346047e-01,1.281986055930025570e-01,0.000000000000000000e+00
9.885551249523034656e-01,1.338193969570259344e-02,1.000000000000000000e+00
7.649757818139339971e-01,9.085924993200459321e-01,0.000000000000000000e+00
7.335536381204713630e-01,5.630751553957143996e-01,0.000000000000000000e+00
1.869925550052641272e-01,3.430285489268969923e-01,1.000000000000000000e+00
1.381027250837185694e-02,4.010860701706002729e-01,0.000000000000000000e+00
7.686547343361862517e-01,2.756686305046546215e-01,0.000000000000000000e+00
2.160091565460161567e-01,1.392273230339142742e-01,0.000000000000000000e+00
6.082166691307111517e-01,7.087665998413046342e-01,1.000000000000000000e+00
7.655601885485399105e-01,1.089728139825193454e-01,0.000000000000000000e+00
3.925425631843568741e-01,4.986272585675372571e-01,1.000000000000000000e+00
4.632368815289739095e-01,8.091922426103423938e-01,0.000000000000000000e+00
2.372037223793759253e-01,4.378866668620670644e-01,1.000000000000000000e+00
1.602210446325340043e-01,2.919990087115840738e-01,1.000000000000000000e+00
2.858157558450202806e-02,2.522034228465480643e-01,0.000000000000000000e+00
2.863804346407483603e-02,5.846092435809848720e-01,0.000000000000000000e+00
7.804467985339952341e-01,3.173803189068487296e-02,1.000000000000000000e+00
3.492768478831187462e-02,5.179466800211531829e-01,0.000000000000000000e+00
4.179581243289852699e-01,7.801582465459132587e-01,1.000000000000000000e+00
7.381910443398268518e-01,3.782819644537978587e-01,1.000000000000000000e+00
3.374761293438693910e-01,2.013580818802641614e-01,0.000000000000000000e+00
8.212350425750887251e-01,6.976694070637425860e-01,0.000000000000000000e+00
8.527297360187430231e-01,3.711846439777186646e-01,0.000000000000000000e+00
1.902318198363158741e-01,8.827128954544904982e-02,0.000000000000000000e+00
1.209715064333216281e-02,1.128797326233105247e-02,1.000000000000000000e+00
6.178793006211669159e-01,1.173537315621196730e-02,1.000000000000000000e+00
3.587340150120474913e-01,6.245005790270931056e-01,1.000000000000000000e+00
2.507655016691969774e-01,7.406265411785092345e-01,0.000000000000000000e+00
3.973210875258562647e-01,2.122568185646048766e-01,0.000000000000000000e+00
6.131968274219179449e-01,6.262474746515976909e-01,1.000000000000000000e+00
3.921128984525776850e-01,4.627428693871872278e-01,0.000000000000000000e+00
4.548628846841078488e-01,4.334952692232594273e-01,0.000000000000000000e+00
1.842692674444275647e-01,3.551084634819805519e-01,1.000000000000000000e+00
3.644914008323570931e-01,6.171906335552015399e-01,0.000000000000000000e+00
2.742965023565661076e-01,9.300887484307202024e-01,0.000000000000000000e+00
6.368865342746481417e-01,2.027450522826473867e-01,1.000000000000000000e+00
7.026199462831858589e-02,1.116621063437634939e-02,1.000000000000000000e+00
3.271003709715940011e-01,5.605975923219235213e-01,1.000000000000000000e+00
3.955066754198182100e-01,5.119812196760136214e-01,0.000000000000000000e+00
5.553751144345225876e-01,7.541877318557634879e-01,1.000000000000000000e+00
3.553806084807480392e-01,7.706110664072579608e-01,0.000000000000000000e+00
5.964012966424585560e-01,3.556982701924293888e-02,1.000000000000000000e+00
6.049726479123845868e-01,6.960643106563285665e-01,1.000000000000000000e+00
5.625551348717376943e-01,7.329599051812157873e-01,0.000000000000000000e+00
9.046454972583034548e-01,9.200826492408219481e-01,0.000000000000000000e+00
6.541785410579434856e-01,2.813695276421740443e-01,1.000000000000000000e+00
7.386210588444567238e-01,4.434282826506725783e-01,1.000000000000000000e+00
2.404984524211573049e-01,5.155351214313532715e-01,0.000000000000000000e+00
1.200169794962656633e-01,6.451534522597468513e-02,0.000000000000000000e+00
6.497053787514621703e-01,2.683412885572590278e-01,0.000000000000000000e+00
2.703617370633037420e-01,5.083749589590076390e-01,1.000000000000000000e+00
7.196196557794388715e-01,4.663616016869374242e-02,1.000000000000000000e+00
5.502706488913864380e-01,5.066829007417252839e-01,1.000000000000000000e+00
4.092130847997077492e-01,6.747689360885212873e-01,0.000000000000000000e+00
8.563647592434955325e-01,8.860860720542439867e-03,1.000000000000000000e+00
6.961913924159645051e-01,2.556472576979774702e-01,1.000000000000000000e+00
2.038607373882580509e-01,1.291126810228164327e-02,1.000000000000000000e+00
6.233346727602171455e-01,3.018545419907907590e-01,0.000000000000000000e+00
7.109229273889320355e-01,8.817424962684217160e-02,0.000000000000000000e+00
6.584547618504831279e-01,1.393326037493961556e-01,0.000000000000000000e+00
9.159097466806394028e-01,1.687851602910961368e-02,0.000000000000000000e+00
6.983499678742515204e-01,3.195317392698787673e-01,1.000000000000000000e+00
3.778013657787823165e-01,2.176035201619519466e-02,0.000000000000000000e+00
2.814737079246666385e-01,4.116288803198099588e-02,1.000000000000000000e+00
2.525479018155444288e-01,9.801750535947305609e-01,0.000000000000000000e+00
3.316275262175530925e-01,4.650508907742707532e-01,0.000000000000000000e+00
3.766999837340921919e-01,9.213012339190009836e-01,0.000000000000000000e+00
5.730915897512954826e-01,1.908661335885263322e-01,0.000000000000000000e+00
5.883382890602035786e-01,7.928369742627247030e-01,1.000000000000000000e+00
6.225258211620756654e-01,2.409349085034284965e-01,1.000000000000000000e+00
4.262202889696193875e-01,9.545733669659393072e-01,0.000000000000000000e+00
5.962904825073491732e-01,5.525726587929827849e-01,0.000000000000000000e+00
7.228411644611452136e-01,2.905857751982383608e-01,1.000000000000000000e+00
5.273991518308884796e-02,7.560664339373388554e-01,0.000000000000000000e+00
7.194948654514703446e-01,5.424806604518018771e-01,1.000000000000000000e+00
9.988338035608795851e-01,9.300477278813016335e-01,0.000000000000000000e+00
1.732725699683187459e-01,8.044610495484669221e-02,1.000000000000000000e+00
8.709619322639039485e-01,2.212350933078401916e-01,1.000000000000000000e+00
4.432080058925584876e-01,9.945812835780106775e-01,0.000000000000000000e+00
6.130162757494436176e-01,2.871991371773061630e-01,0.000000000000000000e+00
6.412345262990948314e-02,2.128205353443848313e-01,0.000000000000000000e+00
8.408254230108116456e-01,3.600320801428950890e-02,1.000000000000000000e+00
1.347890192438759849e-01,1.277529955032826736e-01,1.000000000000000000e+00
5.022693699619584784e-02,1.787720574569129361e-01,0.000000000000000000e+00
1.722461331039884525e-01,3.138694850514689993e-01,1.000000000000000000e+00
2.975622820044564465e-01,5.713282230941298945e-01,1.000000000000000000e+00
3.937085992221417419e-01,7.880598028313612682e-03,1.000000000000000000e+00
5.437920526238153585e-01,4.061488335288884199e-01,0.000000000000000000e+00
6.422172879522475286e-01,6.844330096024799914e-01,1.000000000000000000e+00
4.288164801933588288e-01,5.127030524712215820e-03,1.000000000000000000e+00
2.128846221741492184e-01,3.183847985003950276e-01,1.000000000000000000e+00
9.262320674510376994e-01,1.129480805230793639e-01,0.000000000000000000e+00
9.771036674926061316e-01,2.919407524221301342e-01,0.000000000000000000e+00
1.915774051150531676e-02,7.302876898713356324e-01,0.000000000000000000e+00
5.036283104812965261e-01,9.743953420693932665e-01,1.000000000000000000e+00
8.552546601081691957e-01,1.338081718702408551e-01,1.000000000000000000e+00
9.429241073384020400e-01,6.899078203736971893e-02,1.000000000000000000e+00
7.677834913347492130e-01,4.850445383077617301e-01,0.000000000000000000e+00
2.017552299763191170e-01,8.463028737710783789e-01,0.000000000000000000e+00
6.063602402225102272e-01,1.252420843276070284e-01,1.000000000000000000e+00
8.946166508065902523e-01,1.353211634583690870e-01,1.000000000000000000e+00
9.087309687352055354e-01,2.061682924782965998e-01,0.000000000000000000e+00
6.219664651956027246e-01,2.203581215825134720e-01,1.000000000000000000e+00
8.613411416844193869e-02,1.466115206968855028e-02,1.000000000000000000e+00
8.867707780456799416e-01,2.894135119498063569e-01,0.000000000000000000e+00
8.600366790715268106e-01,6.955026856466214324e-01,0.000000000000000000e+00
2.562419939288426152e-01,3.417762692627032139e-01,0.000000000000000000e+00
4.174202769157048243e-01,1.393123371591899196e-01,1.000000000000000000e+00
4.714339703301707041e-01,7.846507770457804565e-01,1.000000000000000000e+00
2.121942656514204661e-01,4.132064069016043728e-01,1.000000000000000000e+00
7.758993438420513922e-01,4.027687451021119136e-01,0.000000000000000000e+00
6.245554647431436068e-01,7.146472648797185245e-01,1.000000000000000000e+00
5.270251974031385789e-01,7.875093275043982821e-01,1.000000000000000000e+00
7.072828954418440839e-01,5.752690378979840036e-01,0.000000000000000000e+00
7.955243036822694513e-01,2.550432796960294679e-01,1.000000000000000000e+00
8.621757827121269147e-01,8.428212631370756158e-01,0.000000000000000000e+00
6.447998585363280410e-01,3.578843965313529552e-01,0.000000000000000000e+00
8.568429906533759910e-01,3.185600426256152140e-03,0.000000000000000000e+00
2.128869555237645761e-01,3.991358086845748776e-01,0.000000000000000000e+00
4.526477853190238876e-01,7.527673716885312505e-01,1.000000000000000000e+00
1.838679131065477090e-01,5.101406596123841952e-01,0.000000000000000000e+00
3.794359490730841999e-01,1.512671725221582664e-01,0.000000000000000000e+00
7.047938689100246012e-01,3.892275421880255770e-01,1.000000000000000000e+00
6.698323771035278318e-01,7.106761392475705597e-01,0.000000000000000000e+00
5.880532166274368144e-01,7.454411745489279983e-01,1.000000000000000000e+00
2.618609806329504908e-01,1.147443315017641075e-01,0.000000000000000000e+00
1.563096716338957526e-01,3.312503787500914454e-01,0.000000000000000000e+00
9.557494597252489399e-01,7.629353485352814712e-02,1.000000000000000000e+00
9.464253478784945273e-02,6.781550448832317501e-01,0.000000000000000000e+00
8.195385040878867544e-01,4.102452695996985366e-01,0.000000000000000000e+00
5.968556289438610163e-01,6.370560230764313880e-01,0.000000000000000000e+00
3.863715717247466763e-01,5.493242407522077597e-01,0.000000000000000000e+00
4.631652954369522290e-01,5.357790508800363005e-01,1.000000000000000000e+00
2.664073084916672718e-01,3.874533623070166577e-01,1.000000000000000000e+00
8.149147097850475419e-01,8.602055437607446509e-01,0.000000000000000000e+00
1.856678407073627524e-01,9.742690657719501601e-01,0.000000000000000000e+00
2.169137417597110096e-01,9.990147472077605117e-01,0.000000000000000000e+00
5.484148986070749299e-01,5.837752587260195414e-01,1.000000000000000000e+00
9.196088396320916125e-01,7.252079685952042554e-02,1.000000000000000000e+00
3.339825289474418479e-01,5.725559799954653695e-01,1.000000000000000000e+00
6.423417626915337575e-01,2.003942965766957185e-01,1.000000000000000000e+00
9.922011187674089072e-01,6.345620405700187483e-01,0.000000000000000000e+00
2.128406933851655913e-01,4.841635935205682029e-02,1.000000000000000000e+00
1.932863991155756578e-01,2.009548939156662328e-01,0.000000000000000000e+00
6.720610565077991261e-01,1.522491678889628108e-01,0.000000000000000000e+00
8.473048557295359551e-01,4.577712395909166315e-02,1.000000000000000000e+00
9.342535050380584849e-01,1.065556870248737797e-01,1.000000000000000000e+00
5.315833495609799675e-01,2.099071333846799225e-01,0.000000000000000000e+00
1.949470340181863603e-01,8.988640153935861798e-01,0.000000000000000000e+00
3.641915331813780909e-01,2.659141124534049050e-01,0.000000000000000000e+00
3.257841256327324020e-01,7.296443373095540252e-02,1.000000000000000000e+00
6.372060975616575806e-01,1.381340237997264742e-01,1.000000000000000000e+00
6.049939390811076567e-01,1.061638402606961823e-02,1.000000000000000000e+00
5.898758653412644604e-01,7.842759763003589457e-01,1.000000000000000000e+00
5.437342580025877892e-01,9.923018547035420411e-01,0.000000000000000000e+00
6.345060607125495578e-01,9.343147794142180329e-01,0.000000000000000000e+00
8.688026361403223818e-01,6.818937199190082676e-01,0.000000000000000000e+00
8.690537541983305303e-01,4.723619753470242877e-03,1.000000000000000000e+00
8.394112362544277062e-01,4.011870023334406649e-02,1.000000000000000000e+00
6.092205148024805172e-01,1.355567090015502574e-01,1.000000000000000000e+00
5.921622112419161477e-01,2.490679986476768137e-01,0.000000000000000000e+00
8.853090512904200349e-01,1.302936756150823994e-01,1.000000000000000000e+00
2.997335940818974809e-01,3.769190746692525074e-01,1.000000000000000000e+00
7.382641399293522477e-01,2.560952337380240085e-01,1.000000000000000000e+00
9.568299947528130511e-01,6.379040642856425025e-01,0.000000000000000000e+00
2.938546696208315101e-01,7.357504512587140777e-01,0.000000000000000000e+00
5.546509403026741447e-01,6.025343300458811946e-01,0.000000000000000000e+00
6.280045073852746906e-01,1.491140846946752418e-01,0.000000000000000000e+00
8.673754546277387401e-02,1.671050223088510478e-01,1.000000000000000000e+00
7.515041642866179261e-01,4.827268181826848137e-01,0.000000000000000000e+00
9.655594202603535736e-01,4.372956923944014418e-02,1.000000000000000000e+00
6.450431020044127273e-01,8.294090329826425689e-01,0.000000000000000000e+00
1.351117277094058822e-01,2.580911906972547243e-01,1.000000000000000000e+00
1.732031929819507210e-01,1.274999997929115447e-01,1.000000000000000000e+00
7.072243371396567113e-01,7.434769329554599682e-02,1.000000000000000000e+00
1.569332348270482957e-01,4.315543801869012319e-02,1.000000000000000000e+00
4.355287938963507965e-01,8.500320713255602456e-01,1.000000000000000000e+00
6.054731494644352008e-01,7.504612219743218571e-01,1.000000000000000000e+00
4.722288751801884121e-02,3.272355700266104117e-01,0.000000000000000000e+00
3.602959107293769447e-01,2.621151148988835611e-01,1.000000000000000000e+00
9.180838342231621985e-01,6.946024661571648107e-01,0.000000000000000000e+00
5.438529523276708355e-01,4.937735707305780375e-01,0.000000000000000000e+00
3.434147294244273008e-01,2.835675690510087721e-01,0.000000000000000000e+00
3.055337515396842063e-01,5.910639517431401924e-01,1.000000000000000000e+00
3.946995981599815129e-01,5.098397199050225259e-01,1.000000000000000000e+00
2.943753742403886209e-01,5.109277761646242588e-01,1.000000000000000000e+00
1.605883546873720369e-01,2.994907086108563599e-01,1.000000000000000000e+00
2.640608400777235687e-01,3.830503119321020389e-01,1.000000000000000000e+00
3.679949466937584290e-01,7.280164056464415445e-01,1.000000000000000000e+00
1.421899173312856646e-01,9.274252855656913569e-03,1.000000000000000000e+00
8.268979264848246302e-01,7.811049010498563594e-02,1.000000000000000000e+00
3.198681674947793097e-01,5.078478317383204876e-01,1.000000000000000000e+00
2.294881238889296404e-01,4.477468487735791758e-01,1.000000000000000000e+00
5.856787080293694991e-01,5.156391117668790436e-01,0.000000000000000000e+00
6.290912951216232063e-02,8.885966982971748029e-01,0.000000000000000000e+00
3.455289761848635011e-01,6.653836396938510589e-01,1.000000000000000000e+00
4.813307690136559014e-02,5.970819589864928556e-02,0.000000000000000000e+00
7.773970313658805642e-01,6.299019271530582609e-01,0.000000000000000000e+00
4.558301155292475704e-01,4.588731552821045945e-02,0.000000000000000000e+00
5.759821905386083296e-01,6.222671840702640456e-01,1.000000000000000000e+00
8.604901908073839811e-01,1.237673612186890454e-01,1.000000000000000000e+00
5.615918401132495852e-01,2.535652304683806424e-01,0.000000000000000000e+00
7.895492527014128514e-01,5.698851588040481086e-01,0.000000000000000000e+00
6.316425037541237852e-01,6.399882230994248244e-01,0.000000000000000000e+00
3.449941725184539898e-01,4.031036019172201668e-02,1.000000000000000000e+00
6.398281689398201966e-01,7.681151359935903811e-01,0.000000000000000000e+00
1.744815410732409311e-01,9.671745102958078516e-03,1.000000000000000000e+00
7.561628454271445143e-01,4.827013825264917513e-01,1.000000000000000000e+00
8.116577800781044072e-01,1.999091828202526067e-02,0.000000000000000000e+00
9.501864810870408462e-02,1.196082251145681452e-01,0.000000000000000000e+00
3.434370354897783306e-01,1.613781379964529250e-01,1.000000000000000000e+00
3.266850488579960410e-01,1.289712359253665508e-01,1.000000000000000000e+00
6.497944904334576055e-01,4.840881359849427135e-01,0.000000000000000000e+00
9.067177606881693386e-02,9.554531673130447489e-01,0.000000000000000000e+00
9.871055531420265261e-01,3.891914163573839680e-01,0.000000000000000000e+00
6.268646961511513682e-01,5.048480700505685315e-01,0.000000000000000000e+00
9.345331337924610571e-01,4.511300737894430313e-01,0.000000000000000000e+00
5.373764029226610894e-01,7.854393291016175116e-01,1.000000000000000000e+00
7.829989463551702000e-01,5.336179755707691763e-01,0.000000000000000000e+00
1.300487615705202549e-01,9.880783389891715229e-01,0.000000000000000000e+00
4.831744061528464029e-01,5.113556288393726890e-01,1.000000000000000000e+00
3.008499238629604444e-01,3.267676881654235643e-01,1.000000000000000000e+00
7.111869394181447035e-02,7.531393893734894540e-02,0.000000000000000000e+00
6.655020635888178049e-01,7.953421733738791355e-01,0.000000000000000000e+00
6.162586841395907289e-01,1.752215498924837300e-01,0.000000000000000000e+00
1.137231046369601151e-01,2.888796671226506740e-01,0.000000000000000000e+00
6.848173092124083539e-01,5.236128056267008724e-02,0.000000000000000000e+00
8.688511674460313028e-01,4.378919542619311711e-01,0.000000000000000000e+00
4.701343423449648729e-01,7.928532012240347981e-01,1.000000000000000000e+00
7.354251560481157579e-01,4.961830394409215694e-01,1.000000000000000000e+00
6.420074826646271493e-01,5.927906944179796023e-01,0.000000000000000000e+00
1.671321332412840643e-01,7.364664731703554068e-01,0.000000000000000000e+00
2.179100957327885224e-01,7.251836287611390652e-01,0.000000000000000000e+00
4.540292059909268874e-01,7.536967772548821554e-01,1.000000000000000000e+00
3.029524894844692895e-01,3.779577882969572533e-01,1.000000000000000000e+00
2.705863637097137842e-01,3.076406154139136317e-01,0.000000000000000000e+00
2.024140443872185502e-01,3.236738201750863908e-01,1.000000000000000000e+00
4.756075447022427571e-01,9.308561919657261097e-01,1.000000000000000000e+00
5.794176770260829334e-01,6.288082037513393896e-01,1.000000000000000000e+00
8.266914323446148405e-01,1.356012086368817982e-01,1.000000000000000000e+00
4.791139914534857658e-01,9.883121068337132886e-01,0.000000000000000000e+00
5.397798515305779476e-01,8.068771633972514623e-01,1.000000000000000000e+00
5.169467003609684586e-01,9.401935631712229346e-01,1.000000000000000000e+00
7.689500624820467811e-01,8.859746156452393828e-01,0.000000000000000000e+00
6.507845332380834957e-01,2.241698848245992082e-01,0.000000000000000000e+00
4.266313669959620469e-01,9.706568762802206818e-01,0.000000000000000000e+00
6.811064594761429003e-01,6.247689846650776591e-02,1.000000000000000000e+00
2.545372595470851707e-01,9.491545126500042784e-01,0.000000000000000000e+00
1.568564011851101281e-01,7.064708965484587377e-01,0.000000000000000000e+00
6.533980309156092181e-01,1.606063089772920005e-01,1.000000000000000000e+00
2.207539382982512954e-01,2.273294291766158048e-01,0.000000000000000000e+00
6.537890272194205599e-01,2.159996550990577191e-01,0.000000000000000000e+00
4.817792113046792668e-01,3.009580659192473417e-01,0.000000000000000000e+00
3.223584071952650953e-01,6.315642864150555758e-01,1.000000000000000000e+00
6.714005974770032026e-02,2.035081591383013366e-01,0.000000000000000000e+00
4.514471008820568065e-01,4.987776335849860576e-01,1.000000000000000000e+00
7.396018071242025371e-01,3.795088728576946346e-01,1.000000000000000000e+00
8.440154692449172158e-01,7.547494711804318968e-01,0.000000000000000000e+00
6.942382523311620979e-01,3.528438397996233045e-01,1.000000000000000000e+00
8.799225296902042359e-01,2.344271047983187140e-01,1.000000000000000000e+00
5.335891824926035643e-01,7.904516754779662424e-01,1.000000000000000000e+00
1.598421229308942815e-01,1.251451739000805641e-01,1.000000000000000000e+00
4.471962421108230945e-01,7.094810013365948631e-02,1.000000000000000000e+00
3.593119443171930438e-01,2.486002110983246416e-01,0.000000000000000000e+00
2.354794046819337350e-01,2.977099590714662458e-01,0.000000000000000000e+00
3.154163007109189731e-01,4.556828371641363784e-02,0.000000000000000000e+00
2.774124476103017600e-01,5.291554009319735519e-01,1.000000000000000000e+00
6.103703959872011087e-01,1.426565594094824328e-02,1.000000000000000000e+00
4.080827021385597386e-01,1.597992961805649037e-01,1.000000000000000000e+00
1.873597023878875723e-01,3.222717470017875119e-01,0.000000000000000000e+00
8.999881791243157236e-01,5.102421392743580197e-01,0.000000000000000000e+00
7.881959764947994440e-01,3.714183634345610829e-02,1.000000000000000000e+00
9.885341651340133762e-01,2.192029304521622146e-01,0.000000000000000000e+00
4.721626013761430762e-01,5.322827339702553839e-01,0.000000000000000000e+00
3.019427642449334925e-02,4.297067930959674875e-01,0.000000000000000000e+00
5.509797452455190703e-01,5.616638906612227977e-01,0.000000000000000000e+00
7.683444128846713683e-01,4.475028083494205222e-01,1.000000000000000000e+00
9.674257193017863354e-01,6.034717016750158480e-01,0.000000000000000000e+00
8.638266725265488777e-01,1.116829517621164072e-02,1.000000000000000000e+00
2.645639842544785791e-01,3.355954112520217469e-01,0.000000000000000000e+00
7.918590615351763784e-01,7.525977159092163415e-02,1.000000000000000000e+00
7.198266104700477008e-01,5.282494428123094554e-01,1.000000000000000000e+00
8.182434172638333170e-01,2.161880680943375488e-01,0.000000000000000000e+00
7.850770848637054211e-01,2.873703053179104683e-01,1.000000000000000000e+00
6.580708478636780878e-01,5.438717281171084883e-01,1.000000000000000000e+00
6.729859863479743520e-01,5.129802525752804598e-01,1.000000000000000000e+00
3.149644948651254550e-01,9.667172731330886393e-01,0.000000000000000000e+00
4.024124539180634064e-01,7.831698530557615889e-01,1.000000000000000000e+00
1.999060691188950800e-01,1.043727632861698451e-01,0.000000000000000000e+00
2.728205432872413683e-01,2.581631940954289273e-01,1.000000000000000000e+00
5.035833171559664923e-01,9.775949866927733378e-01,1.000000000000000000e+00
8.443656335710809646e-01,2.557414271048283894e-01,0.000000000000000000e+00
9.850217625666383148e-01,6.559262901016930103e-01,0.000000000000000000e+00
4.543934454301006287e-01,6.776508741530135049e-01,0.000000000000000000e+00
7.906783634726715082e-01,3.248277261098558855e-01,1.000000000000000000e+00
3.780693990356993606e-01,8.154239407600210043e-01,0.000000000000000000e+00
1.971462451055850384e-01,7.990442673208558721e-02,1.000000000000000000e+00
3.309675230526916145e-01,6.247656376454742144e-01,1.000000000000000000e+00
6.350259239583535553e-01,4.990746117260711490e-01,1.000000000000000000e+00
7.355199864382387931e-01,8.262338191869592618e-01,0.000000000000000000e+00
6.804808126824046788e-02,6.952024101805744927e-01,0.000000000000000000e+00
7.658902998163374942e-01,4.431599628890192100e-01,1.000000000000000000e+00
4.259151227907365111e-01,8.144738340440547120e-01,1.000000000000000000e+00
6.003798828183672942e-01,3.593206618081743464e-01,0.000000000000000000e+00
2.717206320959898447e-01,4.104432866558811732e-02,1.000000000000000000e+00
4.506960813541497357e-01,4.514900670903976287e-02,0.000000000000000000e+00
4.717201747372715692e-01,4.506767916371456906e-01,0.000000000000000000e+00
7.861454546323844994e-01,4.241098342908944385e-02,1.000000000000000000e+00
3.568259558700414558e-01,1.341684600062833244e-01,1.000000000000000000e+00
8.439910794034599650e-02,6.287396776902029472e-02,1.000000000000000000e+00
2.794162689318578918e-01,4.283126474268124373e-02,1.000000000000000000e+00
1.741986151613710287e-01,1.417447596446916314e-01,1.000000000000000000e+00
6.560886350368151376e-01,5.378935303336394025e-01,0.000000000000000000e+00
7.725466907130303928e-01,2.815089767471986026e-01,1.000000000000000000e+00
8.006844262737107254e-01,9.531920045149731013e-01,0.000000000000000000e+00
7.697493097289269670e-01,2.841666859716778792e-01,1.000000000000000000e+00
6.045219534131027750e-01,3.765722663142321430e-02,1.000000000000000000e+00
3.779846073419410590e-01,1.662545850171399664e-01,0.000000000000000000e+00
8.360967582626398498e-01,2.104687920784720223e-01,0.000000000000000000e+00
2.500570921246613176e-01,3.707242251834392821e-01,0.000000000000000000e+00
5.020925444533016480e-01,7.194256676566778141e-01,0.000000000000000000e+00
9.244821112269021590e-01,1.369393230167629261e-01,1.000000000000000000e+00
5.830791897529477019e-01,3.549674522229089302e-01,0.000000000000000000e+00
7.016657459126912633e-01,7.784349914646457314e-02,1.000000000000000000e+00
6.635054550225787384e-01,3.814234534551914635e-01,0.000000000000000000e+00
1.778140630149037671e-01,1.549129561416825451e-01,0.000000000000000000e+00
8.476435440255104536e-01,2.462676767545690648e-01,0.000000000000000000e+00
9.888428960558321990e-01,4.521114967628837578e-01,0.000000000000000000e+00
2.348957681527565899e-01,4.419662667742521034e-01,0.000000000000000000e+00
5.554511922972646953e-01,1.259537627448679142e-01,0.000000000000000000e+00
4.747041561037341761e-01,9.390903856788335169e-01,1.000000000000000000e+00
6.053649678651824573e-01,9.450681885436469365e-01,0.000000000000000000e+00
2.321644985323171317e-01,3.452369188487979246e-01,0.000000000000000000e+00
3.434550042394972635e-01,7.126946216833999204e-01,0.000000000000000000e+00
9.919257445552485120e-01,2.827735753569905475e-01,0.000000000000000000e+00
2.045043781429041196e-01,6.769857106886489895e-03,0.000000000000000000e+00
6.790160106095493031e-01,6.303929785685593590e-01,1.000000000000000000e+00
7.065080129826742938e-01,2.608144308824281721e-01,1.000000000000000000e+00
4.983541506102799334e-01,9.807904493481240937e-01,1.000000000000000000e+00
4.112177713042919347e-01,6.584019318263031328e-01,1.000000000000000000e+00
7.344790656136429563e-02,1.171391376069933626e-02,1.000000000000000000e+00
5.435970768628424210e-01,1.219635788083047734e-01,0.000000000000000000e+00
9.196171588206482062e-01,7.709729808379498506e-01,0.000000000000000000e+00
7.800061198255403561e-02,7.578227623759395959e-01,0.000000000000000000e+00
9.055411948921646692e-01,3.110137425779931908e-01,0.000000000000000000e+00
4.626355998181066465e-01,7.873349338752031468e-01,1.000000000000000000e+00
1.761410155597454286e-01,1.724786091463421586e-02,1.000000000000000000e+00
2.223895756930546197e-01,8.070197413133779474e-01,0.000000000000000000e+00
8.188420297272249737e-01,7.416574461310235233e-02,1.000000000000000000e+00
3.260544878907435384e-01,1.080478360231821970e-02,1.000000000000000000e+00
3.166773821555860513e-01,7.022682726022050348e-01,0.000000000000000000e+00
7.753897344279594428e-01,2.912443381269829157e-01,1.000000000000000000e+00
2.950413275792416190e-01,5.017131686309863614e-01,1.000000000000000000e+00
1.605786375287447942e-01,4.666414418576158435e-02,1.000000000000000000e+00
4.447598689352394441e-01,6.043031272948622412e-01,1.000000000000000000e+00
1.082075294679829408e-01,1.932615031844350517e-01,1.000000000000000000e+00
8.218287911663180179e-01,3.210407491211217934e-01,1.000000000000000000e+00
8.409465423810775775e-01,4.297042025214461991e-02,1.000000000000000000e+00
9.445139245506517511e-02,1.135491012717829706e-01,0.000000000000000000e+00
3.249989457784479008e-01,3.222469522499989969e-01,1.000000000000000000e+00
3.066926690617688966e-01,3.422774756381922190e-01,1.000000000000000000e+00
8.975677554112055923e-01,9.265947862902893517e-01,0.000000000000000000e+00
4.489714602553686040e-01,8.428354817246808128e-01,1.000000000000000000e+00
9.518145696526830735e-01,6.564487874259899991e-01,0.000000000000000000e+00
2.937506246704520430e-01,3.820819468835273680e-01,1.000000000000000000e+00
3.544701644451148104e-01,3.397844119640269778e-01,0.000000000000000000e+00
8.391665607596716647e-01,6.174612455827612756e-01,0.000000000000000000e+00
8.232552417504890307e-01,8.721772682225514828e-03,0.000000000000000000e+00
5.171243131548369787e-01,8.773030048485939147e-01,1.000000000000000000e+00
4.283920664640292753e-01,7.616771672384370362e-02,0.000000000000000000e+00
9.474988391040084501e-01,8.137708925768999402e-02,1.000000000000000000e+00
8.298751566771456201e-01,3.135068154167292565e-01,1.000000000000000000e+00
6.622600342810328611e-01,7.230007776173913436e-01,0.000000000000000000e+00
7.640145346412132721e-01,4.400986710346878050e-01,1.000000000000000000e+00
3.857390782534079188e-01,3.715457950697920175e-01,0.000000000000000000e+00
8.694631305702307245e-01,1.954922912146646596e-01,1.000000000000000000e+00
1.698164920955020085e-01,3.100684262593528806e-01,1.000000000000000000e+00
2.914695353099977515e-01,3.810227559174188539e-01,1.000000000000000000e+00
5.385561432958464456e-01,7.567688291480915153e-01,1.000000000000000000e+00
1.027900229713152314e-01,3.422290921362188820e-01,0.000000000000000000e+00
7.697710213244519650e-01,4.525867472861611063e-01,0.000000000000000000e+00
6.695664379867118932e-01,6.514204120842177481e-01,0.000000000000000000e+00
3.735957212170833985e-01,3.833161224482011242e-01,0.000000000000000000e+00
8.895349343712196655e-01,4.494466006707382721e-01,0.000000000000000000e+00
1.722814663328142704e-01,9.365585437757876219e-01,0.000000000000000000e+00
2.605349638461836315e-01,2.639404438116146334e-01,1.000000000000000000e+00
7.584735073460733279e-01,2.635477129505138794e-01,1.000000000000000000e+00
2.124822431334543182e-01,1.270806504729263819e-01,0.000000000000000000e+00
4.638735358266449227e-01,7.820039695285335712e-01,1.000000000000000000e+00
8.972435492660226775e-01,3.787288548359080131e-02,1.000000000000000000e+00
6.570076160723619108e-01,1.659887774124749749e-01,1.000000000000000000e+00
8.561242480813999745e-01,1.984850052951982746e-01,1.000000000000000000e+00
6.998418236138559401e-01,5.672264625940646177e-01,1.000000000000000000e+00
2.137638310972618250e-01,8.751138284718329441e-02,0.000000000000000000e+00
9.479220326149493392e-01,1.097990216178013415e-02,1.000000000000000000e+00
8.539443336912808658e-01,2.616561356901337398e-01,1.000000000000000000e+00
3.225218043197943807e-01,3.144741681029724623e-01,1.000000000000000000e+00
4.577996198862511745e-01,2.084677097561781212e-01,0.000000000000000000e+00
5.734995329315970558e-01,7.515936638383465818e-01,1.000000000000000000e+00
6.779988623495037947e-01,3.380586985477910256e-01,0.000000000000000000e+00
9.145440101983035586e-01,1.956318335192908098e-01,0.000000000000000000e+00
3.902326535061368951e-01,1.922033012696316989e-01,1.000000000000000000e+00
9.861897485461884605e-01,5.239165039610002017e-01,0.000000000000000000e+00
1.903251973040128442e-01,1.059293631157273846e-01,1.000000000000000000e+00
8.608773619779021002e-01,1.889431481701980275e-01,1.000000000000000000e+00
2.254891600531996332e-01,7.513648182648274831e-01,0.000000000000000000e+00
7.339608725278224943e-01,9.132857859288554675e-03,1.000000000000000000e+00
5.432216199039453519e-01,9.471642405497341169e-03,1.000000000000000000e+00
8.149612030463453394e-01,7.221238207115248109e-01,0.000000000000000000e+00
5.947920463347401432e-01,7.779186127735454592e-01,1.000000000000000000e+00
1.957340128350026909e-02,6.128179582505427492e-01,0.000000000000000000e+00
6.532055303213045727e-01,1.501447072428839791e-01,0.000000000000000000e+00
2.977526392286592993e-01,3.209580579106954823e-01,1.000000000000000000e+00
3.625372934570668670e-01,6.357816932052453573e-01,1.000000000000000000e+00
6.902071269974139334e-01,3.557530389775532820e-01,0.000000000000000000e+00
2.803675015890496613e-01,7.428470057389161552e-01,0.000000000000000000e+00
4.009793789633891992e-01,5.413114500279198049e-01,1.000000000000000000e+00
2.967522558907956243e-01,5.636074226041143387e-01,1.000000000000000000e+00
6.926555395918070346e-01,8.007598365645488547e-01,0.000000000000000000e+00
9.895049796004860010e-01,1.635024871754713338e-01,0.000000000000000000e+00
9.307976670363780070e-01,8.969778006460080721e-01,0.000000000000000000e+00
7.863127011301419556e-01,4.163307011428514226e-01,0.000000000000000000e+00
1.088379323572842561e-01,1.872066823410669933e-01,1.000000000000000000e+00
3.288058312249053650e-01,9.008483888597195247e-03,1.000000000000000000e+00
7.504517649494714115e-01,2.794904722212443460e-01,0.000000000000000000e+00
5.778106443868015196e-01,7.108950818339561384e-02,1.000000000000000000e+00
3.263671445019933337e-02,9.689648215725613634e-01,0.000000000000000000e+00
4.848370215883917034e-01,7.526387450545389823e-01,1.000000000000000000e+00
5.959773000058681269e-01,9.019802043975666539e-02,0.000000000000000000e+00
4.583641833952205591e-01,5.039465779988373528e-01,1.000000000000000000e+00
3.117416244090236432e-01,1.041815551871087542e-01,1.000000000000000000e+00
8.859445120571782795e-01,1.327484723059193517e-01,1.000000000000000000e+00
7.533313444141300774e-01,9.485417566132586797e-01,0.000000000000000000e+00
4.176322902650383417e-01,7.537362037970299911e-01,1.000000000000000000e+00
8.410814728879174584e-01,9.921629455462919189e-01,0.000000000000000000e+00
7.342565052102093537e-01,5.004880135091087645e-01,1.000000000000000000e+00
3.972559800796792162e-01,7.512901745138336196e-01,1.000000000000000000e+00
2.049612269123587405e-01,2.616450808388206539e-01,1.000000000000000000e+00
6.830705697697154744e-01,6.013414672026261565e-01,1.000000000000000000e+00
6.604005046472801732e-01,2.895459361032080015e-01,1.000000000000000000e+00
2.160127418820621259e-01,3.006484525480435654e-01,1.000000000000000000e+00
2.121009404427246503e-01,8.273727875170656665e-01,0.000000000000000000e+00
9.570162670718223019e-01,3.943442090183270077e-01,0.000000000000000000e+00
6.998750933020513321e-01,8.019672516616943581e-01,0.000000000000000000e+00
1.983717721649493892e-01,4.760422616979494981e-01,0.000000000000000000e+00
3.903177894364023848e-01,6.343257433338402862e-01,1.000000000000000000e+00
3.027325733853690748e-01,5.853470931392658061e-01,0.000000000000000000e+00
8.594920824558456296e-01,2.677538631498891375e-01,0.000000000000000000e+00
3.193201513719572393e-01,8.517335040273661395e-01,0.000000000000000000e+00
5.314634646250182559e-01,7.776455001187823068e-01,1.000000000000000000e+00
2.066299953441054771e-01,6.662902354018376827e-02,1.000000000000000000e+00
2.368412837207503063e-01,4.468159057905569664e-01,0.000000000000000000e+00
3.653172626448921712e-01,6.907817984489679208e-01,1.000000000000000000e+00
7.866730278899023432e-01,3.356555213498738643e-01,0.000000000000000000e+00
8.109129528347011062e-01,1.139176475768908237e-01,1.000000000000000000e+00
9.585509327266866775e-01,8.884623694074966771e-01,0.000000000000000000e+00
4.323241190605904283e-01,5.373590441888326241e-01,0.000000000000000000e+00
9.551673858049547494e-01,1.527227748761136525e-02,1.000000000000000000e+00
2.828531955648609930e-01,7.228884046605650315e-01,0.000000000000000000e+00
2.402707631848497449e-01,6.541897997678005616e-01,0.000000000000000000e+00
4.910533302140287493e-01,2.437398092939413452e-01,0.000000000000000000e+00
8.875861921494505591e-01,1.368214295384745371e-01,1.000000000000000000e+00
5.718954154891787711e-01,8.681341107617944752e-01,0.000000000000000000e+00
5.943703674389888558e-01,4.484614309123563514e-02,1.000000000000000000e+00
7.994378284223208064e-01,9.468253219779028396e-02,1.000000000000000000e+00
5.682790000314253964e-01,7.326762210111853468e-01,0.000000000000000000e+00
8.582324484814669585e-01,1.648562638784719682e-03,1.000000000000000000e+00
5.644806841871286007e-01,4.806998200141044952e-01,0.000000000000000000e+00
4.480545359780053749e-01,1.463874341058746253e-01,0.000000000000000000e+00
6.426781221255484233e-02,3.226319855645244372e-01,0.000000000000000000e+00
2.956194303457390093e-01,2.558907339829136207e-01,1.000000000000000000e+00
2.487081561315276357e-01,1.305933668215364385e-02,0.000000000000000000e+00
6.317060897515055506e-01,5.802545646514201128e-02,0.000000000000000000e+00
8.082890978567729423e-01,1.442618316971951975e-01,0.000000000000000000e+00
9.966048888088010482e-01,9.837078938363171821e-01,0.000000000000000000e+00
2.747967687357070199e-01,4.982814113101229347e-01,1.000000000000000000e+00
3.471454239475026959e-01,8.460252664939187373e-01,0.000000000000000000e+00
9.405309055446010591e-01,6.599691427800472576e-01,0.000000000000000000e+00
3.835538357834056278e-02,1.193938348522560755e-01,0.000000000000000000e+00
2.128409303353795690e-01,7.033201169188608992e-02,1.000000000000000000e+00
3.037756995945809502e-01,7.665409396287731214e-01,0.000000000000000000e+00
7.647033857085104858e-01,3.752199776654251973e-01,1.000000000000000000e+00
2.563515573318345675e-01,7.857154677377087282e-01,0.000000000000000000e+00
5.785890854614134104e-01,7.491630271915741268e-01,1.000000000000000000e+00
9.352698251568505317e-01,9.963886574251050454e-02,1.000000000000000000e+00
1.097532273939793024e-01,8.943378805754919059e-01,0.000000000000000000e+00
7.439097539016975569e-01,5.434058429741266405e-01,0.000000000000000000e+00
9.095692355182477540e-01,1.350747690565867742e-01,0.000000000000000000e+00
4.957496215842249754e-02,5.675093772439087081e-01,0.000000000000000000e+00
3.688806085919655309e-01,7.196720881960374516e-01,1.000000000000000000e+00
3.043697332271942946e-01,7.314552412385006974e-01,0.000000000000000000e+00
8.650442795756051462e-01,7.961106074443320343e-03,1.000000000000000000e+00
4.776565691788489110e-01,5.054738057044187993e-01,1.000000000000000000e+00
3.426954692947947745e-02,6.455064426674150813e-02,0.000000000000000000e+00
2.493181557743571752e-01,4.736479544223024529e-01,1.000000000000000000e+00
6.104600470658159139e-01,5.024615377630122781e-01,1.000000000000000000e+00
8.764286048143172803e-01,9.101815572860577630e-01,0.000000000000000000e+00
1.190436656143906147e-01,8.533669776702405008e-01,0.000000000000000000e+00
3.606260401080929046e-01,1.999847310019480240e-01,1.000000000000000000e+00
2.437988748798169958e-02,2.276707788031573365e-03,0.000000000000000000e+00
2.587383156558373809e-01,5.393235198880526049e-01,0.000000000000000000e+00
1.445644254358441905e-01,1.921061848549642515e-01,1.000000000000000000e+00
7.459217479294274478e-01,9.165246341515456141e-01,0.000000000000000000e+00
8.230686478700908193e-01,3.239404235952926259e-01,1.000000000000000000e+00
5.812352769475663816e-01,1.374472093388047766e-01,1.000000000000000000e+00
3.772753097805149891e-01,2.347821652034051132e-01,1.000000000000000000e+00
6.228451142907315274e-01,5.620074249760241836e-01,0.000000000000000000e+00
5.982769037925095290e-02,5.722310357453029850e-01,0.000000000000000000e+00
8.773133393071493868e-01,2.192685389390945649e-01,1.000000000000000000e+00
8.420372683195693764e-01,5.730321423592422692e-01,0.000000000000000000e+00
4.022294270762860613e-01,4.008797185080426040e-02,0.000000000000000000e+00
7.355723326175578336e-01,8.555049979263329440e-02,0.000000000000000000e+00
3.151586066085555471e-01,5.933177396565568751e-01,1.000000000000000000e+00
1.549242709849885102e-01,3.263138760592037002e-01,0.000000000000000000e+00
3.596341563151077558e-01,6.907350334319238838e-01,1.000000000000000000e+00
4.000549880261020652e-01,5.293728925906784344e-01,1.000000000000000000e+00
8.685023641632906299e-01,2.247727895294205358e-01,1.000000000000000000e+00
5.303419513437105381e-01,4.672383054635147470e-01,0.000000000000000000e+00
5.887235732593210091e-01,7.862512963429921786e-01,1.000000000000000000e+00
3.556403217001892769e-01,1.441645253007176053e-01,1.000000000000000000e+00
2.405825109972559162e-01,2.563987089871958558e-01,1.000000000000000000e+00
8.544535748913439921e-01,1.094290119150755601e-02,1.000000000000000000e+00
8.973034495775741304e-01,8.308220597201271262e-01,0.000000000000000000e+00
8.034558196824259646e-02,1.302145814542734481e-01,0.000000000000000000e+00
6.511706610911700555e-01,5.305164281684717764e-01,1.000000000000000000e+00
7.561180664459190570e-01,4.964018802924998752e-01,0.000000000000000000e+00
9.586755101844042504e-02,1.561702520320548682e-01,1.000000000000000000e+00
1.798172607529731071e-01,3.938564535043048709e-01,0.000000000000000000e+00
8.466633651177933872e-01,3.479267662700418623e-02,1.000000000000000000e+00
2.619403823197500314e-01,3.835202567294352383e-01,1.000000000000000000e+00
6.523447272474814929e-01,9.124363645731383698e-01,0.000000000000000000e+00
2.377538958151040882e-01,1.635575040586780826e-01,0.000000000000000000e+00
4.461069904119303597e-01,7.500482173852152101e-01,0.000000000000000000e+00
2.930780733242800418e-01,6.217906906880756729e-02,1.000000000000000000e+00
9.026316569854717642e-01,3.607579181250308853e-02,0.000000000000000000e+00
5.210180970878797169e-01,5.074050641186105270e-01,1.000000000000000000e+00
3.495210835859160481e-01,6.586174869277761079e-01,1.000000000000000000e+00
2.806026614742431757e-01,4.398421129018637021e-02,1.000000000000000000e+00
5.288159612218804595e-01,7.699124076032711761e-01,0.000000000000000000e+00
8.584143087453680598e-01,5.197245169520043895e-01,0.000000000000000000e+00
4.007950743753723177e-01,7.782802126955508104e-01,0.000000000000000000e+00
9.275680930147484071e-02,4.303504161052844335e-02,1.000000000000000000e+00
3.911965895980065167e-01,7.989156184498568125e-01,0.000000000000000000e+00
7.043779823410225571e-01,5.761996534294895334e-01,1.000000000000000000e+00
6.672829357964802366e-01,4.018777679905320976e-01,0.000000000000000000e+00
9.057806568219270993e-01,3.802025854457487947e-02,1.000000000000000000e+00
7.077196823412634785e-01,1.413345594966647009e-02,1.000000000000000000e+00
1.719614010455266240e-01,1.290385880306990363e-01,1.000000000000000000e+00
4.320499232369734433e-01,3.068020036641646575e-01,0.000000000000000000e+00
3.449932280115580174e-01,3.857332899425239964e-02,1.000000000000000000e+00
2.146790578504366442e-01,5.253765435968296010e-02,1.000000000000000000e+00
1.033224444117832874e-01,7.953724825798217379e-01,0.000000000000000000e+00
4.805522224222944505e-01,9.999025209553019655e-01,0.000000000000000000e+00
2.011394208052512678e-01,2.629461147338409965e-01,0.000000000000000000e+00
6.919224121208104039e-01,5.769435505671952624e-01,0.000000000000000000e+00
1.040065355287328464e-01,5.836558458521440285e-01,0.000000000000000000e+00
6.741139250518848325e-01,5.899363217671804716e-02,0.000000000000000000e+00
2.661897316059919083e-01,3.890834163989800309e-01,1.000000000000000000e+00
9.438703863808255434e-01,5.159466030027161088e-01,0.000000000000000000e+00
8.564192959837026997e-01,2.607909205964075161e-01,1.000000000000000000e+00
5.239185544772906322e-02,5.898643090828618041e-01,0.000000000000000000e+00
5.676647404791843599e-01,5.980419496159277148e-01,1.000000000000000000e+00
4.471550982884209269e-01,6.649305364843446364e-01,0.000000000000000000e+00
7.300847462628885509e-01,4.488929860788574144e-01,1.000000000000000000e+00
9.188809018835317755e-01,6.927592682961533632e-02,1.000000000000000000e+00
1.460377073910484047e-01,1.942264821759975835e-01,1.000000000000000000e+00
3.916949935902437341e-01,1.343743930726679914e-01,1.000000000000000000e+00
3.197706208011492635e-01,6.311261818868250106e-01,1.000000000000000000e+00
4.560495898753365029e-01,1.819551829558966119e-02,1.000000000000000000e+00
8.437400108603144711e-01,4.653502624389556086e-01,0.000000000000000000e+00
8.258749251985320061e-01,1.360380395222313132e-01,1.000000000000000000e+00
3.791428705786781261e-02,9.647939858751719555e-01,0.000000000000000000e+00
5.873865147987511470e-01,8.757137621394303975e-03,1.000000000000000000e+00
1.069935335330562953e-02,2.074462091182904810e-02,0.000000000000000000e+00
8.171330248568666743e-01,1.017413175124264602e-01,1.000000000000000000e+00
8.291484906802626398e-01,3.139347170319984337e-01,1.000000000000000000e+00
4.179625392192304334e-01,8.373915564907189468e-01,0.000000000000000000e+00
7.415364988541610636e-01,6.511216943325029982e-01,0.000000000000000000e+00
9.119643071253707989e-01,2.780798911528870043e-01,0.000000000000000000e+00
4.187873070198189218e-02,3.221528947201103277e-01,0.000000000000000000e+00
4.127717984002542417e-01,7.861308686291494929e-01,1.000000000000000000e+00
6.059554995859744997e-01,1.977363314849955589e-01,1.000000000000000000e+00
4.053120732145697458e-01,3.458742194444044404e-01,0.000000000000000000e+00
7.125319715762762351e-01,3.160307044235822760e-01,0.000000000000000000e+00
5.340809733113024427e-01,7.852835903320602995e-01,1.000000000000000000e+00
3.965630716282391166e-01,5.369039939840039022e-01,1.000000000000000000e+00
6.132600829089738248e-01,1.318296411905825194e-01,1.000000000000000000e+00
1.914470080609128599e-01,8.874192681210264499e-01,0.000000000000000000e+00
7.114490631583915148e-01,2.520899735436276101e-01,1.000000000000000000e+00
3.015330381219543110e-01,3.876320545287690322e-01,1.000000000000000000e+00
1.366542716784449052e-01,9.765729924586352695e-03,0.000000000000000000e+00
4.820881559734102595e-01,1.931637327223812983e-01,0.000000000000000000e+00
7.727289222174182903e-01,2.483893183535993143e-01,1.000000000000000000e+00
5.821995376995097171e-01,6.359252930058097997e-01,1.000000000000000000e+00
5.421763320863673963e-01,5.028422393589139228e-01,1.000000000000000000e+00
8.249563959121505308e-01,4.817307313733705243e-01,0.000000000000000000e+00
8.205376619619311196e-01,8.806983410268636181e-01,0.000000000000000000e+00
4.539241417349690888e-01,8.729935278959343181e-01,0.000000000000000000e+00
6.739367015607895528e-01,1.409511096726516755e-01,1.000000000000000000e+00
8.156259944602858303e-01,3.453775088784362124e-01,1.000000000000000000e+00
8.907399281451905404e-01,2.061105069446595439e-01,1.000000000000000000e+00
4.593752343600399080e-02,9.645095049954474087e-01,0.000000000000000000e+00
1.812339205290719457e-01,6.400910928524708998e-01,0.000000000000000000e+00
8.396452453222642553e-01,3.247312227437486321e-02,1.000000000000000000e+00
8.617234905324021588e-01,4.184052084819739337e-01,0.000000000000000000e+00
7.885632843357697208e-01,3.227546631530924803e-01,1.000000000000000000e+00
2.735046491404364288e-01,2.502942883592988998e-01,1.000000000000000000e+00
7.762344433808637811e-01,3.829491181296786756e-02,1.000000000000000000e+00
7.974794932258928437e-01,8.272771290287188606e-01,0.000000000000000000e+00
3.304093260275449695e-01,6.356649338067930088e-01,1.000000000000000000e+00
7.098456953902175792e-01,6.702458553215978609e-02,1.000000000000000000e+00
3.744032560703989265e-01,5.409566820662881081e-01,0.000000000000000000e+00
5.431930828666471367e-01,9.417417377730873396e-01,0.000000000000000000e+00
4.415511380373400296e-01,5.439317537337837738e-01,0.000000000000000000e+00
7.640832136002336794e-01,4.496920859643558366e-01,1.000000000000000000e+00
1.443322198829144476e-01,9.804430646988987474e-01,0.000000000000000000e+00
4.250794649112421553e-01,8.139724436748267955e-01,1.000000000000000000e+00
9.654608251597779356e-01,5.475703259791440264e-02,1.000000000000000000e+00
9.072422185496716862e-01,3.824355310058334956e-01,0.000000000000000000e+00
7.190828862695948231e-01,2.176303680672648788e-01,0.000000000000000000e+00
4.310404156967077016e-01,6.634583951232185528e-02,1.000000000000000000e+00
5.319791543069816164e-01,7.842052754886850163e-01,1.000000000000000000e+00
4.226963925493165686e-01,5.014627113792589075e-01,1.000000000000000000e+00
3.890757414562328043e-01,9.963240749831052678e-01,0.000000000000000000e+00
7.080774252916618439e-01,5.715975124404401031e-01,1.000000000000000000e+00
6.703988773204339058e-01,5.112801979064014457e-01,1.000000000000000000e+00
3.280518911240697388e-01,4.967771904781799197e-01,1.000000000000000000e+00
6.448236917640757238e-01,5.849401893186904067e-01,0.000000000000000000e+00
2.218823151457030018e-01,2.659770008153340415e-01,0.000000000000000000e+00
5.733511098016208507e-01,7.564382646628803331e-01,1.000000000000000000e+00
6.156715506069876387e-02,9.428408966472299202e-01,0.000000000000000000e+00
9.686386136232673083e-01,5.869097248424485214e-01,0.000000000000000000e+00
4.770214593940274028e-01,8.070782516143707452e-01,0.000000000000000000e+00
2.603560789454126834e-01,2.202805609876016257e-01,0.000000000000000000e+00
7.073116432629100725e-01,3.837592833609067000e-01,1.000000000000000000e+00
4.728195128668755132e-01,5.362867362390839610e-01,1.000000000000000000e+00
1.033230091796360078e-01,1.327082051736878654e-01,1.000000000000000000e+00
8.182576970700423669e-01,1.022543797712198721e-01,1.000000000000000000e+00
4.249683979232991016e-01,1.478809561156462504e-01,1.000000000000000000e+00
4.646133681835837859e-01,8.823820269475470823e-01,0.000000000000000000e+00
4.850464238131355632e-01,6.214037252018582702e-01,0.000000000000000000e+00
4.945954978049919015e-01,5.740771112532682130e-01,0.000000000000000000e+00
7.097701236638420674e-01,3.214222577291693250e-01,1.000000000000000000e+00
5.908662695485100702e-01,3.974779296775432513e-02,1.000000000000000000e+00
9.971682205468667126e-01,8.526781492529896811e-01,0.000000000000000000e+00
4.875548319614284587e-01,4.119732006552971892e-01,0.000000000000000000e+00
1.366692002332495770e-01,2.715599970341763258e-01,0.000000000000000000e+00
7.939024082615618871e-01,3.186753540553305397e-01,1.000000000000000000e+00
7.049678501664919938e-01,7.812107133163478934e-02,1.000000000000000000e+00
1.467614010276164782e-01,1.364057540369030264e-01,1.000000000000000000e+00
3.979390848280062176e-01,1.399187588889061473e-01,0.000000000000000000e+00
1.614666508525724742e-01,4.461012217448603878e-02,1.000000000000000000e+00
4.093707316539776375e-01,7.188701806661350613e-01,0.000000000000000000e+00
9.505629287805317240e-02,5.717225729067764162e-01,0.000000000000000000e+00
1.467360198820365502e-01,3.846269924801299922e-01,0.000000000000000000e+00
3.631564369041448415e-01,1.924821894976793679e-01,1.000000000000000000e+00
2.334674068944749548e-01,3.794876546155095398e-01,1.000000000000000000e+00
3.935656485496064061e-01,4.990074472984645793e-01,0.000000000000000000e+00
9.441222178036635659e-01,1.998147724423403604e-01,0.000000000000000000e+00
4.107836779320737097e-01,7.315727498212383217e-01,0.000000000000000000e+00
4.431849965189984530e-01,4.605663849595221793e-01,0.000000000000000000e+00
7.896835882533586037e-01,6.411373461107485738e-01,0.000000000000000000e+00
3.915112522649366600e-01,6.909154849946878008e-01,1.000000000000000000e+00
4.269956607023693840e-01,5.763835210424272937e-01,1.000000000000000000e+00
1.342567379579195919e-01,2.080054092109202557e-01,0.000000000000000000e+00
3.156914975539738544e-01,2.525617607972219236e-01,1.000000000000000000e+00
6.446207547628952650e-01,1.260927032639063208e-02,1.000000000000000000e+00
8.289969192988047020e-01,7.967828871963716919e-01,0.000000000000000000e+00
9.089041475818971927e-01,2.981408540381966787e-01,0.000000000000000000e+00
3.133300877528186756e-01,1.207754855047433740e-01,1.000000000000000000e+00
8.620482858659086478e-01,1.046196181103182903e-02,1.000000000000000000e+00
6.648902226080525280e-01,3.113544670784705870e-01,0.000000000000000000e+00
2.458164208878991230e-01,1.554841265249109483e-01,0.000000000000000000e+00
7.695243539853009462e-01,3.763264315011896066e-01,1.000000000000000000e+00
5.631186238923069354e-01,6.191360820755915650e-01,0.000000000000000000e+00
6.515613503924561067e-01,4.652926399512893330e-01,0.000000000000000000e+00
9.778864750855361665e-01,9.193951404239494307e-01,0.000000000000000000e+00
9.054880343327663672e-01,3.389245548887173110e-01,0.000000000000000000e+00
7.171475175859293172e-01,2.826304755357291754e-01,0.000000000000000000e+00
6.553244742250748933e-01,7.167248981511373795e-01,0.000000000000000000e+00
4.045735090821023228e-01,8.680656609221061304e-01,0.000000000000000000e+00
4.097458680405768883e-01,5.377422234738560292e-01,1.000000000000000000e+00
6.649930762837183984e-01,4.998836104240538813e-01,1.000000000000000000e+00
5.907572195449350971e-03,9.453445318927635732e-01,0.000000000000000000e+00
2.324250955305299238e-01,1.723563352693130435e-01,0.000000000000000000e+00
2.694131770818337102e-01,1.295588014871263370e-02,1.000000000000000000e+00
9.525518247488845569e-01,9.821302781845079322e-01,0.000000000000000000e+00
7.905383183530598767e-01,4.490523899214332593e-01,0.000000000000000000e+00
4.041462178938760030e-01,3.175255191786231779e-02,1.000000000000000000e+00
6.094741644062614538e-01,4.495020311132260638e-01,0.000000000000000000e+00
4.208464375528427337e-01,6.241652467915966840e-01,1.000000000000000000e+00
2.967573478257207187e-01,1.197698859774428727e-02,1.000000000000000000e+00
6.028798413460905170e-01,1.338676968601937300e-01,1.000000000000000000e+00
3.285388407458189608e-01,8.575753488846885042e-02,1.000000000000000000e+00
3.661577844560476303e-01,1.904965339443103201e-01,1.000000000000000000e+00
1.381597619028214485e-01,1.169974849280606445e-02,1.000000000000000000e+00
5.188297921068716345e-01,9.336977544202362811e-01,1.000000000000000000e+00
8.891356781578289847e-02,1.666933877544657105e-01,1.000000000000000000e+00
1.425995143299361168e-01,3.262624917275612491e-02,1.000000000000000000e+00
6.632885013920308825e-01,3.750393782897835093e-01,0.000000000000000000e+00
5.647172317728182955e-01,9.941954875203969089e-02,1.000000000000000000e+00
4.490684979899302043e-01,8.711689937073828771e-01,0.000000000000000000e+00
7.291981934782437724e-01,9.241423902691123793e-01,0.000000000000000000e+00
4.655267849600095431e-01,7.406018256073463313e-01,0.000000000000000000e+00
4.755607019087554344e-01,8.288928019710687378e-01,0.000000000000000000e+00
1.642405401818181065e-01,9.794411045923140380e-01,0.000000000000000000e+00
1.995242502250671457e-02,5.629498853523763335e-01,0.000000000000000000e+00
3.991113947547253460e-01,7.195495510498068903e-01,0.000000000000000000e+00
1.475438185302813121e-01,3.090218362481634840e-01,0.000000000000000000e+00
7.256883227827648497e-02,1.412268900363398139e-01,1.000000000000000000e+00
2.613366972555216661e-01,8.992090272098377524e-01,0.000000000000000000e+00
8.056610838108415606e-01,1.465238673452017304e-01,0.000000000000000000e+00
7.006214200081312127e-01,5.556853347727240822e-01,0.000000000000000000e+00
8.013016042968533759e-01,3.922719071967998294e-01,1.000000000000000000e+00
2.810632260543544647e-01,2.814456585629633301e-01,1.000000000000000000e+00
8.083839800336218850e-01,1.074349329122215313e-01,1.000000000000000000e+00
7.505684371963514678e-01,4.758724294122088638e-01,1.000000000000000000e+00
9.991617591654782249e-01,3.449229082728558771e-01,0.000000000000000000e+00
7.490830191729760390e-01,8.845396327127703628e-01,0.000000000000000000e+00
2.823691128774046821e-01,2.812907699233282433e-01,1.000000000000000000e+00
7.340416460542373844e-01,2.538717883126916375e-01,1.000000000000000000e+00
3.945427324406152181e-01,1.261041153796943481e-01,1.000000000000000000e+00
2.968387818343550810e-01,3.854063940408521960e-01,1.000000000000000000e+00
3.782350281077833110e-01,9.123919552439418990e-01,0.000000000000000000e+00
9.146449750741663109e-01,7.265668202105873830e-02,1.000000000000000000e+00
2.261799897166052453e-01,5.585996526326930667e-02,0.000000000000000000e+00
